/*--------------------------------*- C++ -*----------------------------------*\
| =========                 |                                                 |
| \\      /  F ield         | OpenFOAM: The Open Source CFD Toolbox           |
|  \\    /   O peration     | Version:  v1606                                 |
|   \\  /    A nd           | Web:      www.OpenFOAM.com                      |
|    \\/     M anipulation  |                                                 |
\*---------------------------------------------------------------------------*/
FoamFile
{
    version     2.0;
    format      ascii;
    class       faceList;
    location    "constant/solid/polyMesh";
    object      faces;
}
// * * * * * * * * * * * * * * * * * * * * * * * * * * * * * * * * * * * * * //


2369
(
4(196 728 102 73)
4(196 74 121 728)
4(197 729 103 72)
4(197 196 728 729)
4(198 730 104 71)
4(198 197 729 730)
4(199 731 105 70)
4(199 198 730 731)
4(200 732 106 69)
4(200 199 731 732)
4(201 733 107 68)
4(201 200 732 733)
4(202 734 108 67)
4(202 201 733 734)
4(203 735 109 66)
4(203 202 734 735)
4(204 736 110 65)
4(204 203 735 736)
4(205 737 111 64)
4(205 204 736 737)
4(206 738 112 63)
4(206 205 737 738)
4(207 739 113 62)
4(207 206 738 739)
4(208 740 114 61)
4(208 207 739 740)
4(209 741 115 60)
4(209 208 740 741)
4(210 742 116 59)
4(210 209 741 742)
4(211 743 117 58)
4(211 210 742 743)
4(212 744 118 57)
4(212 211 743 744)
4(213 745 119 56)
4(213 212 744 745)
4(214 746 120 55)
4(214 213 745 746)
4(54 214 746 195)
4(215 747 728 196)
4(215 75 122 747)
4(216 748 729 197)
4(216 215 747 748)
4(217 749 730 198)
4(217 216 748 749)
4(218 750 731 199)
4(218 217 749 750)
4(219 751 732 200)
4(219 218 750 751)
4(220 752 733 201)
4(220 219 751 752)
4(221 753 734 202)
4(221 220 752 753)
4(222 754 735 203)
4(222 221 753 754)
4(223 755 736 204)
4(223 222 754 755)
4(224 756 737 205)
4(224 223 755 756)
4(225 757 738 206)
4(225 224 756 757)
4(226 758 739 207)
4(226 225 757 758)
4(227 759 740 208)
4(227 226 758 759)
4(228 760 741 209)
4(228 227 759 760)
4(229 761 742 210)
4(229 228 760 761)
4(230 762 743 211)
4(230 229 761 762)
4(231 763 744 212)
4(231 230 762 763)
4(232 764 745 213)
4(232 231 763 764)
4(233 765 746 214)
4(233 232 764 765)
4(53 233 765 194)
4(234 766 747 215)
4(234 76 123 766)
4(235 767 748 216)
4(235 234 766 767)
4(236 768 749 217)
4(236 235 767 768)
4(237 769 750 218)
4(237 236 768 769)
4(238 770 751 219)
4(238 237 769 770)
4(239 771 752 220)
4(239 238 770 771)
4(240 772 753 221)
4(240 239 771 772)
4(241 773 754 222)
4(241 240 772 773)
4(242 774 755 223)
4(242 241 773 774)
4(243 775 756 224)
4(243 242 774 775)
4(244 776 757 225)
4(244 243 775 776)
4(245 777 758 226)
4(245 244 776 777)
4(246 778 759 227)
4(246 245 777 778)
4(247 779 760 228)
4(247 246 778 779)
4(248 780 761 229)
4(248 247 779 780)
4(249 781 762 230)
4(249 248 780 781)
4(250 782 763 231)
4(250 249 781 782)
4(251 783 764 232)
4(251 250 782 783)
4(252 784 765 233)
4(252 251 783 784)
4(52 252 784 193)
4(253 785 766 234)
4(253 77 124 785)
4(254 786 767 235)
4(254 253 785 786)
4(255 787 768 236)
4(255 254 786 787)
4(256 788 769 237)
4(256 255 787 788)
4(257 789 770 238)
4(257 256 788 789)
4(258 790 771 239)
4(258 257 789 790)
4(259 791 772 240)
4(259 258 790 791)
4(260 792 773 241)
4(260 259 791 792)
4(261 793 774 242)
4(261 260 792 793)
4(262 794 775 243)
4(262 261 793 794)
4(263 795 776 244)
4(263 262 794 795)
4(264 796 777 245)
4(264 263 795 796)
4(265 797 778 246)
4(265 264 796 797)
4(266 798 779 247)
4(266 265 797 798)
4(267 799 780 248)
4(267 266 798 799)
4(268 800 781 249)
4(268 267 799 800)
4(269 801 782 250)
4(269 268 800 801)
4(270 802 783 251)
4(270 269 801 802)
4(271 803 784 252)
4(271 270 802 803)
4(51 271 803 192)
4(272 804 785 253)
4(272 78 125 804)
4(273 805 786 254)
4(273 272 804 805)
4(274 806 787 255)
4(274 273 805 806)
4(275 807 788 256)
4(275 274 806 807)
4(276 808 789 257)
4(276 275 807 808)
4(277 809 790 258)
4(277 276 808 809)
4(278 810 791 259)
4(278 277 809 810)
4(279 811 792 260)
4(279 278 810 811)
4(280 812 793 261)
4(280 279 811 812)
4(281 813 794 262)
4(281 280 812 813)
4(282 814 795 263)
4(282 281 813 814)
4(283 815 796 264)
4(283 282 814 815)
4(284 816 797 265)
4(284 283 815 816)
4(285 817 798 266)
4(285 284 816 817)
4(286 818 799 267)
4(286 285 817 818)
4(287 819 800 268)
4(287 286 818 819)
4(288 820 801 269)
4(288 287 819 820)
4(289 821 802 270)
4(289 288 820 821)
4(290 822 803 271)
4(290 289 821 822)
4(50 290 822 191)
4(291 823 804 272)
4(291 79 126 823)
4(292 824 805 273)
4(292 291 823 824)
4(293 825 806 274)
4(293 292 824 825)
4(294 826 807 275)
4(294 293 825 826)
4(295 827 808 276)
4(295 294 826 827)
4(296 828 809 277)
4(296 295 827 828)
4(297 829 810 278)
4(297 296 828 829)
4(298 830 811 279)
4(298 297 829 830)
4(299 831 812 280)
4(299 298 830 831)
4(300 832 813 281)
4(300 299 831 832)
4(301 833 814 282)
4(301 300 832 833)
4(302 834 815 283)
4(302 301 833 834)
4(303 835 816 284)
4(303 302 834 835)
4(304 836 817 285)
4(304 303 835 836)
4(305 837 818 286)
4(305 304 836 837)
4(306 838 819 287)
4(306 305 837 838)
4(307 839 820 288)
4(307 306 838 839)
4(308 840 821 289)
4(308 307 839 840)
4(309 841 822 290)
4(309 308 840 841)
4(49 309 841 190)
4(310 842 823 291)
4(310 80 127 842)
4(311 843 824 292)
4(311 310 842 843)
4(312 844 825 293)
4(312 311 843 844)
4(313 845 826 294)
4(313 312 844 845)
4(314 846 827 295)
4(314 313 845 846)
4(315 847 828 296)
4(315 314 846 847)
4(316 848 829 297)
4(316 315 847 848)
4(317 849 830 298)
4(317 316 848 849)
4(318 850 831 299)
4(318 317 849 850)
4(319 851 832 300)
4(319 318 850 851)
4(320 852 833 301)
4(320 319 851 852)
4(321 853 834 302)
4(321 320 852 853)
4(322 854 835 303)
4(322 321 853 854)
4(323 855 836 304)
4(323 322 854 855)
4(324 856 837 305)
4(324 323 855 856)
4(325 857 838 306)
4(325 324 856 857)
4(326 858 839 307)
4(326 325 857 858)
4(327 859 840 308)
4(327 326 858 859)
4(328 860 841 309)
4(328 327 859 860)
4(48 328 860 189)
4(329 861 842 310)
4(329 81 128 861)
4(330 862 843 311)
4(330 329 861 862)
4(331 863 844 312)
4(331 330 862 863)
4(332 864 845 313)
4(332 331 863 864)
4(333 865 846 314)
4(333 332 864 865)
4(334 866 847 315)
4(334 333 865 866)
4(335 867 848 316)
4(335 334 866 867)
4(336 868 849 317)
4(336 335 867 868)
4(337 869 850 318)
4(337 336 868 869)
4(338 870 851 319)
4(338 337 869 870)
4(339 871 852 320)
4(339 338 870 871)
4(340 872 853 321)
4(340 339 871 872)
4(341 873 854 322)
4(341 340 872 873)
4(342 874 855 323)
4(342 341 873 874)
4(343 875 856 324)
4(343 342 874 875)
4(344 876 857 325)
4(344 343 875 876)
4(345 877 858 326)
4(345 344 876 877)
4(346 878 859 327)
4(346 345 877 878)
4(347 879 860 328)
4(347 346 878 879)
4(47 347 879 188)
4(348 880 861 329)
4(348 82 129 880)
4(349 881 862 330)
4(349 348 880 881)
4(350 882 863 331)
4(350 349 881 882)
4(351 883 864 332)
4(351 350 882 883)
4(352 884 865 333)
4(352 351 883 884)
4(353 885 866 334)
4(353 352 884 885)
4(354 886 867 335)
4(354 353 885 886)
4(355 887 868 336)
4(355 354 886 887)
4(356 888 869 337)
4(356 355 887 888)
4(357 889 870 338)
4(357 356 888 889)
4(358 890 871 339)
4(358 357 889 890)
4(359 891 872 340)
4(359 358 890 891)
4(360 892 873 341)
4(360 359 891 892)
4(361 893 874 342)
4(361 360 892 893)
4(362 894 875 343)
4(362 361 893 894)
4(363 895 876 344)
4(363 362 894 895)
4(364 896 877 345)
4(364 363 895 896)
4(365 897 878 346)
4(365 364 896 897)
4(366 898 879 347)
4(366 365 897 898)
4(46 366 898 187)
4(367 899 880 348)
4(367 83 130 899)
4(368 900 881 349)
4(368 367 899 900)
4(369 901 882 350)
4(369 368 900 901)
4(370 902 883 351)
4(370 369 901 902)
4(371 903 884 352)
4(371 370 902 903)
4(372 904 885 353)
4(372 371 903 904)
4(373 905 886 354)
4(373 372 904 905)
4(374 906 887 355)
4(374 373 905 906)
4(375 907 888 356)
4(375 374 906 907)
4(376 908 889 357)
4(376 375 907 908)
4(377 909 890 358)
4(377 376 908 909)
4(378 910 891 359)
4(378 377 909 910)
4(379 911 892 360)
4(379 378 910 911)
4(380 912 893 361)
4(380 379 911 912)
4(381 913 894 362)
4(381 380 912 913)
4(382 914 895 363)
4(382 381 913 914)
4(383 915 896 364)
4(383 382 914 915)
4(384 916 897 365)
4(384 383 915 916)
4(385 917 898 366)
4(385 384 916 917)
4(45 385 917 186)
4(386 918 899 367)
4(386 84 131 918)
4(387 919 900 368)
4(387 386 918 919)
4(388 920 901 369)
4(388 387 919 920)
4(389 921 902 370)
4(389 388 920 921)
4(390 922 903 371)
4(390 389 921 922)
4(391 923 904 372)
4(391 390 922 923)
4(392 924 905 373)
4(392 391 923 924)
4(393 925 906 374)
4(393 392 924 925)
4(394 926 907 375)
4(394 393 925 926)
4(395 927 908 376)
4(395 394 926 927)
4(396 928 909 377)
4(396 395 927 928)
4(397 929 910 378)
4(397 396 928 929)
4(398 930 911 379)
4(398 397 929 930)
4(399 931 912 380)
4(399 398 930 931)
4(400 932 913 381)
4(400 399 931 932)
4(401 933 914 382)
4(401 400 932 933)
4(402 934 915 383)
4(402 401 933 934)
4(403 935 916 384)
4(403 402 934 935)
4(404 936 917 385)
4(404 403 935 936)
4(44 404 936 185)
4(405 937 918 386)
4(405 85 132 937)
4(406 938 919 387)
4(406 405 937 938)
4(407 939 920 388)
4(407 406 938 939)
4(408 940 921 389)
4(408 407 939 940)
4(409 941 922 390)
4(409 408 940 941)
4(410 942 923 391)
4(410 409 941 942)
4(411 943 924 392)
4(411 410 942 943)
4(412 944 925 393)
4(412 411 943 944)
4(413 945 926 394)
4(413 412 944 945)
4(414 946 927 395)
4(414 413 945 946)
4(415 947 928 396)
4(415 414 946 947)
4(416 948 929 397)
4(416 415 947 948)
4(417 949 930 398)
4(417 416 948 949)
4(418 950 931 399)
4(418 417 949 950)
4(419 951 932 400)
4(419 418 950 951)
4(420 952 933 401)
4(420 419 951 952)
4(421 953 934 402)
4(421 420 952 953)
4(422 954 935 403)
4(422 421 953 954)
4(423 955 936 404)
4(423 422 954 955)
4(43 423 955 184)
4(424 956 937 405)
4(424 86 133 956)
4(425 957 938 406)
4(425 424 956 957)
4(426 958 939 407)
4(426 425 957 958)
4(427 959 940 408)
4(427 426 958 959)
4(428 960 941 409)
4(428 427 959 960)
4(429 961 942 410)
4(429 428 960 961)
4(430 962 943 411)
4(430 429 961 962)
4(431 963 944 412)
4(431 430 962 963)
4(432 964 945 413)
4(432 431 963 964)
4(433 965 946 414)
4(433 432 964 965)
4(434 966 947 415)
4(434 433 965 966)
4(435 967 948 416)
4(435 434 966 967)
4(436 968 949 417)
4(436 435 967 968)
4(437 969 950 418)
4(437 436 968 969)
4(438 970 951 419)
4(438 437 969 970)
4(439 971 952 420)
4(439 438 970 971)
4(440 972 953 421)
4(440 439 971 972)
4(441 973 954 422)
4(441 440 972 973)
4(442 974 955 423)
4(442 441 973 974)
4(42 442 974 183)
4(443 975 956 424)
4(443 87 134 975)
4(444 976 957 425)
4(444 443 975 976)
4(445 977 958 426)
4(445 444 976 977)
4(446 978 959 427)
4(446 445 977 978)
4(447 979 960 428)
4(447 446 978 979)
4(448 980 961 429)
4(448 447 979 980)
4(449 981 962 430)
4(449 448 980 981)
4(450 982 963 431)
4(450 449 981 982)
4(451 983 964 432)
4(451 450 982 983)
4(452 984 965 433)
4(452 451 983 984)
4(453 985 966 434)
4(453 452 984 985)
4(454 986 967 435)
4(454 453 985 986)
4(455 987 968 436)
4(455 454 986 987)
4(456 988 969 437)
4(456 455 987 988)
4(457 989 970 438)
4(457 456 988 989)
4(458 990 971 439)
4(458 457 989 990)
4(459 991 972 440)
4(459 458 990 991)
4(460 992 973 441)
4(460 459 991 992)
4(461 993 974 442)
4(461 460 992 993)
4(41 461 993 182)
4(462 994 975 443)
4(462 88 135 994)
4(463 995 976 444)
4(463 462 994 995)
4(464 996 977 445)
4(464 463 995 996)
4(465 997 978 446)
4(465 464 996 997)
4(466 998 979 447)
4(466 465 997 998)
4(467 999 980 448)
4(467 466 998 999)
4(468 1000 981 449)
4(468 467 999 1000)
4(469 1001 982 450)
4(469 468 1000 1001)
4(470 1002 983 451)
4(470 469 1001 1002)
4(471 1003 984 452)
4(471 470 1002 1003)
4(472 1004 985 453)
4(472 471 1003 1004)
4(473 1005 986 454)
4(473 472 1004 1005)
4(474 1006 987 455)
4(474 473 1005 1006)
4(475 1007 988 456)
4(475 474 1006 1007)
4(476 1008 989 457)
4(476 475 1007 1008)
4(477 1009 990 458)
4(477 476 1008 1009)
4(478 1010 991 459)
4(478 477 1009 1010)
4(479 1011 992 460)
4(479 478 1010 1011)
4(480 1012 993 461)
4(480 479 1011 1012)
4(40 480 1012 181)
4(481 1013 994 462)
4(481 89 136 1013)
4(482 1014 995 463)
4(482 481 1013 1014)
4(483 1015 996 464)
4(483 482 1014 1015)
4(484 1016 997 465)
4(484 483 1015 1016)
4(485 1017 998 466)
4(485 484 1016 1017)
4(486 1018 999 467)
4(486 485 1017 1018)
4(487 1019 1000 468)
4(487 486 1018 1019)
4(488 1020 1001 469)
4(488 487 1019 1020)
4(489 1021 1002 470)
4(489 488 1020 1021)
4(490 1022 1003 471)
4(490 489 1021 1022)
4(491 1023 1004 472)
4(491 490 1022 1023)
4(492 1024 1005 473)
4(492 491 1023 1024)
4(493 1025 1006 474)
4(493 492 1024 1025)
4(494 1026 1007 475)
4(494 493 1025 1026)
4(495 1027 1008 476)
4(495 494 1026 1027)
4(496 1028 1009 477)
4(496 495 1027 1028)
4(497 1029 1010 478)
4(497 496 1028 1029)
4(498 1030 1011 479)
4(498 497 1029 1030)
4(499 1031 1012 480)
4(499 498 1030 1031)
4(39 499 1031 180)
4(500 1032 1013 481)
4(500 90 137 1032)
4(501 1033 1014 482)
4(501 500 1032 1033)
4(502 1034 1015 483)
4(502 501 1033 1034)
4(503 1035 1016 484)
4(503 502 1034 1035)
4(504 1036 1017 485)
4(504 503 1035 1036)
4(505 1037 1018 486)
4(505 504 1036 1037)
4(506 1038 1019 487)
4(506 505 1037 1038)
4(507 1039 1020 488)
4(507 506 1038 1039)
4(508 1040 1021 489)
4(508 507 1039 1040)
4(509 1041 1022 490)
4(509 508 1040 1041)
4(510 1042 1023 491)
4(510 509 1041 1042)
4(511 1043 1024 492)
4(511 510 1042 1043)
4(512 1044 1025 493)
4(512 511 1043 1044)
4(513 1045 1026 494)
4(513 512 1044 1045)
4(514 1046 1027 495)
4(514 513 1045 1046)
4(515 1047 1028 496)
4(515 514 1046 1047)
4(516 1048 1029 497)
4(516 515 1047 1048)
4(517 1049 1030 498)
4(517 516 1048 1049)
4(518 1050 1031 499)
4(518 517 1049 1050)
4(38 518 1050 179)
4(519 1051 1032 500)
4(519 91 138 1051)
4(520 1052 1033 501)
4(520 519 1051 1052)
4(521 1053 1034 502)
4(521 520 1052 1053)
4(522 1054 1035 503)
4(522 521 1053 1054)
4(523 1055 1036 504)
4(523 522 1054 1055)
4(524 1056 1037 505)
4(524 523 1055 1056)
4(525 1057 1038 506)
4(525 524 1056 1057)
4(526 1058 1039 507)
4(526 525 1057 1058)
4(527 1059 1040 508)
4(527 526 1058 1059)
4(528 1060 1041 509)
4(528 527 1059 1060)
4(529 1061 1042 510)
4(529 528 1060 1061)
4(530 1062 1043 511)
4(530 529 1061 1062)
4(531 1063 1044 512)
4(531 530 1062 1063)
4(532 1064 1045 513)
4(532 531 1063 1064)
4(533 1065 1046 514)
4(533 532 1064 1065)
4(534 1066 1047 515)
4(534 533 1065 1066)
4(535 1067 1048 516)
4(535 534 1066 1067)
4(536 1068 1049 517)
4(536 535 1067 1068)
4(537 1069 1050 518)
4(537 536 1068 1069)
4(37 537 1069 178)
4(538 1070 1051 519)
4(538 92 139 1070)
4(539 1071 1052 520)
4(539 538 1070 1071)
4(540 1072 1053 521)
4(540 539 1071 1072)
4(541 1073 1054 522)
4(541 540 1072 1073)
4(542 1074 1055 523)
4(542 541 1073 1074)
4(543 1075 1056 524)
4(543 542 1074 1075)
4(544 1076 1057 525)
4(544 543 1075 1076)
4(545 1077 1058 526)
4(545 544 1076 1077)
4(546 1078 1059 527)
4(546 545 1077 1078)
4(547 1079 1060 528)
4(547 546 1078 1079)
4(548 1080 1061 529)
4(548 547 1079 1080)
4(549 1081 1062 530)
4(549 548 1080 1081)
4(550 1082 1063 531)
4(550 549 1081 1082)
4(551 1083 1064 532)
4(551 550 1082 1083)
4(552 1084 1065 533)
4(552 551 1083 1084)
4(553 1085 1066 534)
4(553 552 1084 1085)
4(554 1086 1067 535)
4(554 553 1085 1086)
4(555 1087 1068 536)
4(555 554 1086 1087)
4(556 1088 1069 537)
4(556 555 1087 1088)
4(36 556 1088 177)
4(557 1089 1070 538)
4(557 93 140 1089)
4(558 1090 1071 539)
4(558 557 1089 1090)
4(559 1091 1072 540)
4(559 558 1090 1091)
4(560 1092 1073 541)
4(560 559 1091 1092)
4(561 1093 1074 542)
4(561 560 1092 1093)
4(562 1094 1075 543)
4(562 561 1093 1094)
4(563 1095 1076 544)
4(563 562 1094 1095)
4(564 1096 1077 545)
4(564 563 1095 1096)
4(565 1097 1078 546)
4(565 564 1096 1097)
4(566 1098 1079 547)
4(566 565 1097 1098)
4(567 1099 1080 548)
4(567 566 1098 1099)
4(568 1100 1081 549)
4(568 567 1099 1100)
4(569 1101 1082 550)
4(569 568 1100 1101)
4(570 1102 1083 551)
4(570 569 1101 1102)
4(571 1103 1084 552)
4(571 570 1102 1103)
4(572 1104 1085 553)
4(572 571 1103 1104)
4(573 1105 1086 554)
4(573 572 1104 1105)
4(574 1106 1087 555)
4(574 573 1105 1106)
4(575 1107 1088 556)
4(575 574 1106 1107)
4(35 575 1107 176)
4(576 1108 1089 557)
4(576 94 141 1108)
4(577 1109 1090 558)
4(577 576 1108 1109)
4(578 1110 1091 559)
4(578 577 1109 1110)
4(579 1111 1092 560)
4(579 578 1110 1111)
4(580 1112 1093 561)
4(580 579 1111 1112)
4(581 1113 1094 562)
4(581 580 1112 1113)
4(582 1114 1095 563)
4(582 581 1113 1114)
4(583 1115 1096 564)
4(583 582 1114 1115)
4(584 1116 1097 565)
4(584 583 1115 1116)
4(585 1117 1098 566)
4(585 584 1116 1117)
4(586 1118 1099 567)
4(586 585 1117 1118)
4(587 1119 1100 568)
4(587 586 1118 1119)
4(588 1120 1101 569)
4(588 587 1119 1120)
4(589 1121 1102 570)
4(589 588 1120 1121)
4(590 1122 1103 571)
4(590 589 1121 1122)
4(591 1123 1104 572)
4(591 590 1122 1123)
4(592 1124 1105 573)
4(592 591 1123 1124)
4(593 1125 1106 574)
4(593 592 1124 1125)
4(594 1126 1107 575)
4(594 593 1125 1126)
4(34 594 1126 175)
4(595 1127 1108 576)
4(595 95 142 1127)
4(596 1128 1109 577)
4(596 595 1127 1128)
4(597 1129 1110 578)
4(597 596 1128 1129)
4(598 1130 1111 579)
4(598 597 1129 1130)
4(599 1131 1112 580)
4(599 598 1130 1131)
4(600 1132 1113 581)
4(600 599 1131 1132)
4(601 1133 1114 582)
4(601 600 1132 1133)
4(602 1134 1115 583)
4(602 601 1133 1134)
4(603 1135 1116 584)
4(603 602 1134 1135)
4(604 1136 1117 585)
4(604 603 1135 1136)
4(605 1137 1118 586)
4(605 604 1136 1137)
4(606 1138 1119 587)
4(606 605 1137 1138)
4(607 1139 1120 588)
4(607 606 1138 1139)
4(608 1140 1121 589)
4(608 607 1139 1140)
4(609 1141 1122 590)
4(609 608 1140 1141)
4(610 1142 1123 591)
4(610 609 1141 1142)
4(611 1143 1124 592)
4(611 610 1142 1143)
4(612 1144 1125 593)
4(612 611 1143 1144)
4(613 1145 1126 594)
4(613 612 1144 1145)
4(33 613 1145 174)
4(614 1146 1127 595)
4(614 96 143 1146)
4(615 1147 1128 596)
4(615 614 1146 1147)
4(616 1148 1129 597)
4(616 615 1147 1148)
4(617 1149 1130 598)
4(617 616 1148 1149)
4(618 1150 1131 599)
4(618 617 1149 1150)
4(619 1151 1132 600)
4(619 618 1150 1151)
4(620 1152 1133 601)
4(620 619 1151 1152)
4(621 1153 1134 602)
4(621 620 1152 1153)
4(622 1154 1135 603)
4(622 621 1153 1154)
4(623 1155 1136 604)
4(623 622 1154 1155)
4(624 1156 1137 605)
4(624 623 1155 1156)
4(625 1157 1138 606)
4(625 624 1156 1157)
4(626 1158 1139 607)
4(626 625 1157 1158)
4(627 1159 1140 608)
4(627 626 1158 1159)
4(628 1160 1141 609)
4(628 627 1159 1160)
4(629 1161 1142 610)
4(629 628 1160 1161)
4(630 1162 1143 611)
4(630 629 1161 1162)
4(631 1163 1144 612)
4(631 630 1162 1163)
4(632 1164 1145 613)
4(632 631 1163 1164)
4(32 632 1164 173)
4(633 1165 1146 614)
4(633 97 144 1165)
4(634 1166 1147 615)
4(634 633 1165 1166)
4(635 1167 1148 616)
4(635 634 1166 1167)
4(636 1168 1149 617)
4(636 635 1167 1168)
4(637 1169 1150 618)
4(637 636 1168 1169)
4(638 1170 1151 619)
4(638 637 1169 1170)
4(639 1171 1152 620)
4(639 638 1170 1171)
4(640 1172 1153 621)
4(640 639 1171 1172)
4(641 1173 1154 622)
4(641 640 1172 1173)
4(642 1174 1155 623)
4(642 641 1173 1174)
4(643 1175 1156 624)
4(643 642 1174 1175)
4(644 1176 1157 625)
4(644 643 1175 1176)
4(645 1177 1158 626)
4(645 644 1176 1177)
4(646 1178 1159 627)
4(646 645 1177 1178)
4(647 1179 1160 628)
4(647 646 1178 1179)
4(648 1180 1161 629)
4(648 647 1179 1180)
4(649 1181 1162 630)
4(649 648 1180 1181)
4(650 1182 1163 631)
4(650 649 1181 1182)
4(651 1183 1164 632)
4(651 650 1182 1183)
4(31 651 1183 172)
4(652 1184 1165 633)
4(652 98 145 1184)
4(653 1185 1166 634)
4(653 652 1184 1185)
4(654 1186 1167 635)
4(654 653 1185 1186)
4(655 1187 1168 636)
4(655 654 1186 1187)
4(656 1188 1169 637)
4(656 655 1187 1188)
4(657 1189 1170 638)
4(657 656 1188 1189)
4(658 1190 1171 639)
4(658 657 1189 1190)
4(659 1191 1172 640)
4(659 658 1190 1191)
4(660 1192 1173 641)
4(660 659 1191 1192)
4(661 1193 1174 642)
4(661 660 1192 1193)
4(662 1194 1175 643)
4(662 661 1193 1194)
4(663 1195 1176 644)
4(663 662 1194 1195)
4(664 1196 1177 645)
4(664 663 1195 1196)
4(665 1197 1178 646)
4(665 664 1196 1197)
4(666 1198 1179 647)
4(666 665 1197 1198)
4(667 1199 1180 648)
4(667 666 1198 1199)
4(668 1200 1181 649)
4(668 667 1199 1200)
4(669 1201 1182 650)
4(669 668 1200 1201)
4(670 1202 1183 651)
4(670 669 1201 1202)
4(30 670 1202 171)
4(671 1203 1184 652)
4(671 99 146 1203)
4(672 1204 1185 653)
4(672 671 1203 1204)
4(673 1205 1186 654)
4(673 672 1204 1205)
4(674 1206 1187 655)
4(674 673 1205 1206)
4(675 1207 1188 656)
4(675 674 1206 1207)
4(676 1208 1189 657)
4(676 675 1207 1208)
4(677 1209 1190 658)
4(677 676 1208 1209)
4(678 1210 1191 659)
4(678 677 1209 1210)
4(679 1211 1192 660)
4(679 678 1210 1211)
4(680 1212 1193 661)
4(680 679 1211 1212)
4(681 1213 1194 662)
4(681 680 1212 1213)
4(682 1214 1195 663)
4(682 681 1213 1214)
4(683 1215 1196 664)
4(683 682 1214 1215)
4(684 1216 1197 665)
4(684 683 1215 1216)
4(685 1217 1198 666)
4(685 684 1216 1217)
4(686 1218 1199 667)
4(686 685 1217 1218)
4(687 1219 1200 668)
4(687 686 1218 1219)
4(688 1220 1201 669)
4(688 687 1219 1220)
4(689 1221 1202 670)
4(689 688 1220 1221)
4(29 689 1221 170)
4(690 1222 1203 671)
4(690 100 147 1222)
4(691 1223 1204 672)
4(691 690 1222 1223)
4(692 1224 1205 673)
4(692 691 1223 1224)
4(693 1225 1206 674)
4(693 692 1224 1225)
4(694 1226 1207 675)
4(694 693 1225 1226)
4(695 1227 1208 676)
4(695 694 1226 1227)
4(696 1228 1209 677)
4(696 695 1227 1228)
4(697 1229 1210 678)
4(697 696 1228 1229)
4(698 1230 1211 679)
4(698 697 1229 1230)
4(699 1231 1212 680)
4(699 698 1230 1231)
4(700 1232 1213 681)
4(700 699 1231 1232)
4(701 1233 1214 682)
4(701 700 1232 1233)
4(702 1234 1215 683)
4(702 701 1233 1234)
4(703 1235 1216 684)
4(703 702 1234 1235)
4(704 1236 1217 685)
4(704 703 1235 1236)
4(705 1237 1218 686)
4(705 704 1236 1237)
4(706 1238 1219 687)
4(706 705 1237 1238)
4(707 1239 1220 688)
4(707 706 1238 1239)
4(708 1240 1221 689)
4(708 707 1239 1240)
4(28 708 1240 169)
4(709 1241 1222 690)
4(709 101 148 1241)
4(710 1242 1223 691)
4(710 709 1241 1242)
4(711 1243 1224 692)
4(711 710 1242 1243)
4(712 1244 1225 693)
4(712 711 1243 1244)
4(713 1245 1226 694)
4(713 712 1244 1245)
4(714 1246 1227 695)
4(714 713 1245 1246)
4(715 1247 1228 696)
4(715 714 1246 1247)
4(716 1248 1229 697)
4(716 715 1247 1248)
4(717 1249 1230 698)
4(717 716 1248 1249)
4(718 1250 1231 699)
4(718 717 1249 1250)
4(719 1251 1232 700)
4(719 718 1250 1251)
4(720 1252 1233 701)
4(720 719 1251 1252)
4(721 1253 1234 702)
4(721 720 1252 1253)
4(722 1254 1235 703)
4(722 721 1253 1254)
4(723 1255 1236 704)
4(723 722 1254 1255)
4(724 1256 1237 705)
4(724 723 1255 1256)
4(725 1257 1238 706)
4(725 724 1256 1257)
4(726 1258 1239 707)
4(726 725 1257 1258)
4(727 1259 1240 708)
4(727 726 1258 1259)
4(27 727 1259 168)
4(8 149 1241 709)
4(9 150 1242 710)
4(10 151 1243 711)
4(11 152 1244 712)
4(12 153 1245 713)
4(13 154 1246 714)
4(14 155 1247 715)
4(15 156 1248 716)
4(16 157 1249 717)
4(17 158 1250 718)
4(18 159 1251 719)
4(19 160 1252 720)
4(20 161 1253 721)
4(21 162 1254 722)
4(22 163 1255 723)
4(23 164 1256 724)
4(24 165 1257 725)
4(25 166 1258 726)
4(26 167 1259 727)
4(196 73 2 74)
4(728 121 4 102)
4(197 72 73 196)
4(729 728 102 103)
4(198 71 72 197)
4(730 729 103 104)
4(199 70 71 198)
4(731 730 104 105)
4(200 69 70 199)
4(732 731 105 106)
4(201 68 69 200)
4(733 732 106 107)
4(202 67 68 201)
4(734 733 107 108)
4(203 66 67 202)
4(735 734 108 109)
4(204 65 66 203)
4(736 735 109 110)
4(205 64 65 204)
4(737 736 110 111)
4(206 63 64 205)
4(738 737 111 112)
4(207 62 63 206)
4(739 738 112 113)
4(208 61 62 207)
4(740 739 113 114)
4(209 60 61 208)
4(741 740 114 115)
4(210 59 60 209)
4(742 741 115 116)
4(211 58 59 210)
4(743 742 116 117)
4(212 57 58 211)
4(744 743 117 118)
4(213 56 57 212)
4(745 744 118 119)
4(214 55 56 213)
4(746 745 119 120)
4(54 1 55 214)
4(195 746 120 5)
4(215 196 74 75)
4(747 122 121 728)
4(216 197 196 215)
4(748 747 728 729)
4(217 198 197 216)
4(749 748 729 730)
4(218 199 198 217)
4(750 749 730 731)
4(219 200 199 218)
4(751 750 731 732)
4(220 201 200 219)
4(752 751 732 733)
4(221 202 201 220)
4(753 752 733 734)
4(222 203 202 221)
4(754 753 734 735)
4(223 204 203 222)
4(755 754 735 736)
4(224 205 204 223)
4(756 755 736 737)
4(225 206 205 224)
4(757 756 737 738)
4(226 207 206 225)
4(758 757 738 739)
4(227 208 207 226)
4(759 758 739 740)
4(228 209 208 227)
4(760 759 740 741)
4(229 210 209 228)
4(761 760 741 742)
4(230 211 210 229)
4(762 761 742 743)
4(231 212 211 230)
4(763 762 743 744)
4(232 213 212 231)
4(764 763 744 745)
4(233 214 213 232)
4(765 764 745 746)
4(53 54 214 233)
4(194 765 746 195)
4(234 215 75 76)
4(766 123 122 747)
4(235 216 215 234)
4(767 766 747 748)
4(236 217 216 235)
4(768 767 748 749)
4(237 218 217 236)
4(769 768 749 750)
4(238 219 218 237)
4(770 769 750 751)
4(239 220 219 238)
4(771 770 751 752)
4(240 221 220 239)
4(772 771 752 753)
4(241 222 221 240)
4(773 772 753 754)
4(242 223 222 241)
4(774 773 754 755)
4(243 224 223 242)
4(775 774 755 756)
4(244 225 224 243)
4(776 775 756 757)
4(245 226 225 244)
4(777 776 757 758)
4(246 227 226 245)
4(778 777 758 759)
4(247 228 227 246)
4(779 778 759 760)
4(248 229 228 247)
4(780 779 760 761)
4(249 230 229 248)
4(781 780 761 762)
4(250 231 230 249)
4(782 781 762 763)
4(251 232 231 250)
4(783 782 763 764)
4(252 233 232 251)
4(784 783 764 765)
4(52 53 233 252)
4(193 784 765 194)
4(253 234 76 77)
4(785 124 123 766)
4(254 235 234 253)
4(786 785 766 767)
4(255 236 235 254)
4(787 786 767 768)
4(256 237 236 255)
4(788 787 768 769)
4(257 238 237 256)
4(789 788 769 770)
4(258 239 238 257)
4(790 789 770 771)
4(259 240 239 258)
4(791 790 771 772)
4(260 241 240 259)
4(792 791 772 773)
4(261 242 241 260)
4(793 792 773 774)
4(262 243 242 261)
4(794 793 774 775)
4(263 244 243 262)
4(795 794 775 776)
4(264 245 244 263)
4(796 795 776 777)
4(265 246 245 264)
4(797 796 777 778)
4(266 247 246 265)
4(798 797 778 779)
4(267 248 247 266)
4(799 798 779 780)
4(268 249 248 267)
4(800 799 780 781)
4(269 250 249 268)
4(801 800 781 782)
4(270 251 250 269)
4(802 801 782 783)
4(271 252 251 270)
4(803 802 783 784)
4(51 52 252 271)
4(192 803 784 193)
4(272 253 77 78)
4(804 125 124 785)
4(273 254 253 272)
4(805 804 785 786)
4(274 255 254 273)
4(806 805 786 787)
4(275 256 255 274)
4(807 806 787 788)
4(276 257 256 275)
4(808 807 788 789)
4(277 258 257 276)
4(809 808 789 790)
4(278 259 258 277)
4(810 809 790 791)
4(279 260 259 278)
4(811 810 791 792)
4(280 261 260 279)
4(812 811 792 793)
4(281 262 261 280)
4(813 812 793 794)
4(282 263 262 281)
4(814 813 794 795)
4(283 264 263 282)
4(815 814 795 796)
4(284 265 264 283)
4(816 815 796 797)
4(285 266 265 284)
4(817 816 797 798)
4(286 267 266 285)
4(818 817 798 799)
4(287 268 267 286)
4(819 818 799 800)
4(288 269 268 287)
4(820 819 800 801)
4(289 270 269 288)
4(821 820 801 802)
4(290 271 270 289)
4(822 821 802 803)
4(50 51 271 290)
4(191 822 803 192)
4(291 272 78 79)
4(823 126 125 804)
4(292 273 272 291)
4(824 823 804 805)
4(293 274 273 292)
4(825 824 805 806)
4(294 275 274 293)
4(826 825 806 807)
4(295 276 275 294)
4(827 826 807 808)
4(296 277 276 295)
4(828 827 808 809)
4(297 278 277 296)
4(829 828 809 810)
4(298 279 278 297)
4(830 829 810 811)
4(299 280 279 298)
4(831 830 811 812)
4(300 281 280 299)
4(832 831 812 813)
4(301 282 281 300)
4(833 832 813 814)
4(302 283 282 301)
4(834 833 814 815)
4(303 284 283 302)
4(835 834 815 816)
4(304 285 284 303)
4(836 835 816 817)
4(305 286 285 304)
4(837 836 817 818)
4(306 287 286 305)
4(838 837 818 819)
4(307 288 287 306)
4(839 838 819 820)
4(308 289 288 307)
4(840 839 820 821)
4(309 290 289 308)
4(841 840 821 822)
4(49 50 290 309)
4(190 841 822 191)
4(310 291 79 80)
4(842 127 126 823)
4(311 292 291 310)
4(843 842 823 824)
4(312 293 292 311)
4(844 843 824 825)
4(313 294 293 312)
4(845 844 825 826)
4(314 295 294 313)
4(846 845 826 827)
4(315 296 295 314)
4(847 846 827 828)
4(316 297 296 315)
4(848 847 828 829)
4(317 298 297 316)
4(849 848 829 830)
4(318 299 298 317)
4(850 849 830 831)
4(319 300 299 318)
4(851 850 831 832)
4(320 301 300 319)
4(852 851 832 833)
4(321 302 301 320)
4(853 852 833 834)
4(322 303 302 321)
4(854 853 834 835)
4(323 304 303 322)
4(855 854 835 836)
4(324 305 304 323)
4(856 855 836 837)
4(325 306 305 324)
4(857 856 837 838)
4(326 307 306 325)
4(858 857 838 839)
4(327 308 307 326)
4(859 858 839 840)
4(328 309 308 327)
4(860 859 840 841)
4(48 49 309 328)
4(189 860 841 190)
4(329 310 80 81)
4(861 128 127 842)
4(330 311 310 329)
4(862 861 842 843)
4(331 312 311 330)
4(863 862 843 844)
4(332 313 312 331)
4(864 863 844 845)
4(333 314 313 332)
4(865 864 845 846)
4(334 315 314 333)
4(866 865 846 847)
4(335 316 315 334)
4(867 866 847 848)
4(336 317 316 335)
4(868 867 848 849)
4(337 318 317 336)
4(869 868 849 850)
4(338 319 318 337)
4(870 869 850 851)
4(339 320 319 338)
4(871 870 851 852)
4(340 321 320 339)
4(872 871 852 853)
4(341 322 321 340)
4(873 872 853 854)
4(342 323 322 341)
4(874 873 854 855)
4(343 324 323 342)
4(875 874 855 856)
4(344 325 324 343)
4(876 875 856 857)
4(345 326 325 344)
4(877 876 857 858)
4(346 327 326 345)
4(878 877 858 859)
4(347 328 327 346)
4(879 878 859 860)
4(47 48 328 347)
4(188 879 860 189)
4(348 329 81 82)
4(880 129 128 861)
4(349 330 329 348)
4(881 880 861 862)
4(350 331 330 349)
4(882 881 862 863)
4(351 332 331 350)
4(883 882 863 864)
4(352 333 332 351)
4(884 883 864 865)
4(353 334 333 352)
4(885 884 865 866)
4(354 335 334 353)
4(886 885 866 867)
4(355 336 335 354)
4(887 886 867 868)
4(356 337 336 355)
4(888 887 868 869)
4(357 338 337 356)
4(889 888 869 870)
4(358 339 338 357)
4(890 889 870 871)
4(359 340 339 358)
4(891 890 871 872)
4(360 341 340 359)
4(892 891 872 873)
4(361 342 341 360)
4(893 892 873 874)
4(362 343 342 361)
4(894 893 874 875)
4(363 344 343 362)
4(895 894 875 876)
4(364 345 344 363)
4(896 895 876 877)
4(365 346 345 364)
4(897 896 877 878)
4(366 347 346 365)
4(898 897 878 879)
4(46 47 347 366)
4(187 898 879 188)
4(367 348 82 83)
4(899 130 129 880)
4(368 349 348 367)
4(900 899 880 881)
4(369 350 349 368)
4(901 900 881 882)
4(370 351 350 369)
4(902 901 882 883)
4(371 352 351 370)
4(903 902 883 884)
4(372 353 352 371)
4(904 903 884 885)
4(373 354 353 372)
4(905 904 885 886)
4(374 355 354 373)
4(906 905 886 887)
4(375 356 355 374)
4(907 906 887 888)
4(376 357 356 375)
4(908 907 888 889)
4(377 358 357 376)
4(909 908 889 890)
4(378 359 358 377)
4(910 909 890 891)
4(379 360 359 378)
4(911 910 891 892)
4(380 361 360 379)
4(912 911 892 893)
4(381 362 361 380)
4(913 912 893 894)
4(382 363 362 381)
4(914 913 894 895)
4(383 364 363 382)
4(915 914 895 896)
4(384 365 364 383)
4(916 915 896 897)
4(385 366 365 384)
4(917 916 897 898)
4(45 46 366 385)
4(186 917 898 187)
4(386 367 83 84)
4(918 131 130 899)
4(387 368 367 386)
4(919 918 899 900)
4(388 369 368 387)
4(920 919 900 901)
4(389 370 369 388)
4(921 920 901 902)
4(390 371 370 389)
4(922 921 902 903)
4(391 372 371 390)
4(923 922 903 904)
4(392 373 372 391)
4(924 923 904 905)
4(393 374 373 392)
4(925 924 905 906)
4(394 375 374 393)
4(926 925 906 907)
4(395 376 375 394)
4(927 926 907 908)
4(396 377 376 395)
4(928 927 908 909)
4(397 378 377 396)
4(929 928 909 910)
4(398 379 378 397)
4(930 929 910 911)
4(399 380 379 398)
4(931 930 911 912)
4(400 381 380 399)
4(932 931 912 913)
4(401 382 381 400)
4(933 932 913 914)
4(402 383 382 401)
4(934 933 914 915)
4(403 384 383 402)
4(935 934 915 916)
4(404 385 384 403)
4(936 935 916 917)
4(44 45 385 404)
4(185 936 917 186)
4(405 386 84 85)
4(937 132 131 918)
4(406 387 386 405)
4(938 937 918 919)
4(407 388 387 406)
4(939 938 919 920)
4(408 389 388 407)
4(940 939 920 921)
4(409 390 389 408)
4(941 940 921 922)
4(410 391 390 409)
4(942 941 922 923)
4(411 392 391 410)
4(943 942 923 924)
4(412 393 392 411)
4(944 943 924 925)
4(413 394 393 412)
4(945 944 925 926)
4(414 395 394 413)
4(946 945 926 927)
4(415 396 395 414)
4(947 946 927 928)
4(416 397 396 415)
4(948 947 928 929)
4(417 398 397 416)
4(949 948 929 930)
4(418 399 398 417)
4(950 949 930 931)
4(419 400 399 418)
4(951 950 931 932)
4(420 401 400 419)
4(952 951 932 933)
4(421 402 401 420)
4(953 952 933 934)
4(422 403 402 421)
4(954 953 934 935)
4(423 404 403 422)
4(955 954 935 936)
4(43 44 404 423)
4(184 955 936 185)
4(424 405 85 86)
4(956 133 132 937)
4(425 406 405 424)
4(957 956 937 938)
4(426 407 406 425)
4(958 957 938 939)
4(427 408 407 426)
4(959 958 939 940)
4(428 409 408 427)
4(960 959 940 941)
4(429 410 409 428)
4(961 960 941 942)
4(430 411 410 429)
4(962 961 942 943)
4(431 412 411 430)
4(963 962 943 944)
4(432 413 412 431)
4(964 963 944 945)
4(433 414 413 432)
4(965 964 945 946)
4(434 415 414 433)
4(966 965 946 947)
4(435 416 415 434)
4(967 966 947 948)
4(436 417 416 435)
4(968 967 948 949)
4(437 418 417 436)
4(969 968 949 950)
4(438 419 418 437)
4(970 969 950 951)
4(439 420 419 438)
4(971 970 951 952)
4(440 421 420 439)
4(972 971 952 953)
4(441 422 421 440)
4(973 972 953 954)
4(442 423 422 441)
4(974 973 954 955)
4(42 43 423 442)
4(183 974 955 184)
4(443 424 86 87)
4(975 134 133 956)
4(444 425 424 443)
4(976 975 956 957)
4(445 426 425 444)
4(977 976 957 958)
4(446 427 426 445)
4(978 977 958 959)
4(447 428 427 446)
4(979 978 959 960)
4(448 429 428 447)
4(980 979 960 961)
4(449 430 429 448)
4(981 980 961 962)
4(450 431 430 449)
4(982 981 962 963)
4(451 432 431 450)
4(983 982 963 964)
4(452 433 432 451)
4(984 983 964 965)
4(453 434 433 452)
4(985 984 965 966)
4(454 435 434 453)
4(986 985 966 967)
4(455 436 435 454)
4(987 986 967 968)
4(456 437 436 455)
4(988 987 968 969)
4(457 438 437 456)
4(989 988 969 970)
4(458 439 438 457)
4(990 989 970 971)
4(459 440 439 458)
4(991 990 971 972)
4(460 441 440 459)
4(992 991 972 973)
4(461 442 441 460)
4(993 992 973 974)
4(41 42 442 461)
4(182 993 974 183)
4(462 443 87 88)
4(994 135 134 975)
4(463 444 443 462)
4(995 994 975 976)
4(464 445 444 463)
4(996 995 976 977)
4(465 446 445 464)
4(997 996 977 978)
4(466 447 446 465)
4(998 997 978 979)
4(467 448 447 466)
4(999 998 979 980)
4(468 449 448 467)
4(1000 999 980 981)
4(469 450 449 468)
4(1001 1000 981 982)
4(470 451 450 469)
4(1002 1001 982 983)
4(471 452 451 470)
4(1003 1002 983 984)
4(472 453 452 471)
4(1004 1003 984 985)
4(473 454 453 472)
4(1005 1004 985 986)
4(474 455 454 473)
4(1006 1005 986 987)
4(475 456 455 474)
4(1007 1006 987 988)
4(476 457 456 475)
4(1008 1007 988 989)
4(477 458 457 476)
4(1009 1008 989 990)
4(478 459 458 477)
4(1010 1009 990 991)
4(479 460 459 478)
4(1011 1010 991 992)
4(480 461 460 479)
4(1012 1011 992 993)
4(40 41 461 480)
4(181 1012 993 182)
4(481 462 88 89)
4(1013 136 135 994)
4(482 463 462 481)
4(1014 1013 994 995)
4(483 464 463 482)
4(1015 1014 995 996)
4(484 465 464 483)
4(1016 1015 996 997)
4(485 466 465 484)
4(1017 1016 997 998)
4(486 467 466 485)
4(1018 1017 998 999)
4(487 468 467 486)
4(1019 1018 999 1000)
4(488 469 468 487)
4(1020 1019 1000 1001)
4(489 470 469 488)
4(1021 1020 1001 1002)
4(490 471 470 489)
4(1022 1021 1002 1003)
4(491 472 471 490)
4(1023 1022 1003 1004)
4(492 473 472 491)
4(1024 1023 1004 1005)
4(493 474 473 492)
4(1025 1024 1005 1006)
4(494 475 474 493)
4(1026 1025 1006 1007)
4(495 476 475 494)
4(1027 1026 1007 1008)
4(496 477 476 495)
4(1028 1027 1008 1009)
4(497 478 477 496)
4(1029 1028 1009 1010)
4(498 479 478 497)
4(1030 1029 1010 1011)
4(499 480 479 498)
4(1031 1030 1011 1012)
4(39 40 480 499)
4(180 1031 1012 181)
4(500 481 89 90)
4(1032 137 136 1013)
4(501 482 481 500)
4(1033 1032 1013 1014)
4(502 483 482 501)
4(1034 1033 1014 1015)
4(503 484 483 502)
4(1035 1034 1015 1016)
4(504 485 484 503)
4(1036 1035 1016 1017)
4(505 486 485 504)
4(1037 1036 1017 1018)
4(506 487 486 505)
4(1038 1037 1018 1019)
4(507 488 487 506)
4(1039 1038 1019 1020)
4(508 489 488 507)
4(1040 1039 1020 1021)
4(509 490 489 508)
4(1041 1040 1021 1022)
4(510 491 490 509)
4(1042 1041 1022 1023)
4(511 492 491 510)
4(1043 1042 1023 1024)
4(512 493 492 511)
4(1044 1043 1024 1025)
4(513 494 493 512)
4(1045 1044 1025 1026)
4(514 495 494 513)
4(1046 1045 1026 1027)
4(515 496 495 514)
4(1047 1046 1027 1028)
4(516 497 496 515)
4(1048 1047 1028 1029)
4(517 498 497 516)
4(1049 1048 1029 1030)
4(518 499 498 517)
4(1050 1049 1030 1031)
4(38 39 499 518)
4(179 1050 1031 180)
4(519 500 90 91)
4(1051 138 137 1032)
4(520 501 500 519)
4(1052 1051 1032 1033)
4(521 502 501 520)
4(1053 1052 1033 1034)
4(522 503 502 521)
4(1054 1053 1034 1035)
4(523 504 503 522)
4(1055 1054 1035 1036)
4(524 505 504 523)
4(1056 1055 1036 1037)
4(525 506 505 524)
4(1057 1056 1037 1038)
4(526 507 506 525)
4(1058 1057 1038 1039)
4(527 508 507 526)
4(1059 1058 1039 1040)
4(528 509 508 527)
4(1060 1059 1040 1041)
4(529 510 509 528)
4(1061 1060 1041 1042)
4(530 511 510 529)
4(1062 1061 1042 1043)
4(531 512 511 530)
4(1063 1062 1043 1044)
4(532 513 512 531)
4(1064 1063 1044 1045)
4(533 514 513 532)
4(1065 1064 1045 1046)
4(534 515 514 533)
4(1066 1065 1046 1047)
4(535 516 515 534)
4(1067 1066 1047 1048)
4(536 517 516 535)
4(1068 1067 1048 1049)
4(537 518 517 536)
4(1069 1068 1049 1050)
4(37 38 518 537)
4(178 1069 1050 179)
4(538 519 91 92)
4(1070 139 138 1051)
4(539 520 519 538)
4(1071 1070 1051 1052)
4(540 521 520 539)
4(1072 1071 1052 1053)
4(541 522 521 540)
4(1073 1072 1053 1054)
4(542 523 522 541)
4(1074 1073 1054 1055)
4(543 524 523 542)
4(1075 1074 1055 1056)
4(544 525 524 543)
4(1076 1075 1056 1057)
4(545 526 525 544)
4(1077 1076 1057 1058)
4(546 527 526 545)
4(1078 1077 1058 1059)
4(547 528 527 546)
4(1079 1078 1059 1060)
4(548 529 528 547)
4(1080 1079 1060 1061)
4(549 530 529 548)
4(1081 1080 1061 1062)
4(550 531 530 549)
4(1082 1081 1062 1063)
4(551 532 531 550)
4(1083 1082 1063 1064)
4(552 533 532 551)
4(1084 1083 1064 1065)
4(553 534 533 552)
4(1085 1084 1065 1066)
4(554 535 534 553)
4(1086 1085 1066 1067)
4(555 536 535 554)
4(1087 1086 1067 1068)
4(556 537 536 555)
4(1088 1087 1068 1069)
4(36 37 537 556)
4(177 1088 1069 178)
4(557 538 92 93)
4(1089 140 139 1070)
4(558 539 538 557)
4(1090 1089 1070 1071)
4(559 540 539 558)
4(1091 1090 1071 1072)
4(560 541 540 559)
4(1092 1091 1072 1073)
4(561 542 541 560)
4(1093 1092 1073 1074)
4(562 543 542 561)
4(1094 1093 1074 1075)
4(563 544 543 562)
4(1095 1094 1075 1076)
4(564 545 544 563)
4(1096 1095 1076 1077)
4(565 546 545 564)
4(1097 1096 1077 1078)
4(566 547 546 565)
4(1098 1097 1078 1079)
4(567 548 547 566)
4(1099 1098 1079 1080)
4(568 549 548 567)
4(1100 1099 1080 1081)
4(569 550 549 568)
4(1101 1100 1081 1082)
4(570 551 550 569)
4(1102 1101 1082 1083)
4(571 552 551 570)
4(1103 1102 1083 1084)
4(572 553 552 571)
4(1104 1103 1084 1085)
4(573 554 553 572)
4(1105 1104 1085 1086)
4(574 555 554 573)
4(1106 1105 1086 1087)
4(575 556 555 574)
4(1107 1106 1087 1088)
4(35 36 556 575)
4(176 1107 1088 177)
4(576 557 93 94)
4(1108 141 140 1089)
4(577 558 557 576)
4(1109 1108 1089 1090)
4(578 559 558 577)
4(1110 1109 1090 1091)
4(579 560 559 578)
4(1111 1110 1091 1092)
4(580 561 560 579)
4(1112 1111 1092 1093)
4(581 562 561 580)
4(1113 1112 1093 1094)
4(582 563 562 581)
4(1114 1113 1094 1095)
4(583 564 563 582)
4(1115 1114 1095 1096)
4(584 565 564 583)
4(1116 1115 1096 1097)
4(585 566 565 584)
4(1117 1116 1097 1098)
4(586 567 566 585)
4(1118 1117 1098 1099)
4(587 568 567 586)
4(1119 1118 1099 1100)
4(588 569 568 587)
4(1120 1119 1100 1101)
4(589 570 569 588)
4(1121 1120 1101 1102)
4(590 571 570 589)
4(1122 1121 1102 1103)
4(591 572 571 590)
4(1123 1122 1103 1104)
4(592 573 572 591)
4(1124 1123 1104 1105)
4(593 574 573 592)
4(1125 1124 1105 1106)
4(594 575 574 593)
4(1126 1125 1106 1107)
4(34 35 575 594)
4(175 1126 1107 176)
4(595 576 94 95)
4(1127 142 141 1108)
4(596 577 576 595)
4(1128 1127 1108 1109)
4(597 578 577 596)
4(1129 1128 1109 1110)
4(598 579 578 597)
4(1130 1129 1110 1111)
4(599 580 579 598)
4(1131 1130 1111 1112)
4(600 581 580 599)
4(1132 1131 1112 1113)
4(601 582 581 600)
4(1133 1132 1113 1114)
4(602 583 582 601)
4(1134 1133 1114 1115)
4(603 584 583 602)
4(1135 1134 1115 1116)
4(604 585 584 603)
4(1136 1135 1116 1117)
4(605 586 585 604)
4(1137 1136 1117 1118)
4(606 587 586 605)
4(1138 1137 1118 1119)
4(607 588 587 606)
4(1139 1138 1119 1120)
4(608 589 588 607)
4(1140 1139 1120 1121)
4(609 590 589 608)
4(1141 1140 1121 1122)
4(610 591 590 609)
4(1142 1141 1122 1123)
4(611 592 591 610)
4(1143 1142 1123 1124)
4(612 593 592 611)
4(1144 1143 1124 1125)
4(613 594 593 612)
4(1145 1144 1125 1126)
4(33 34 594 613)
4(174 1145 1126 175)
4(614 595 95 96)
4(1146 143 142 1127)
4(615 596 595 614)
4(1147 1146 1127 1128)
4(616 597 596 615)
4(1148 1147 1128 1129)
4(617 598 597 616)
4(1149 1148 1129 1130)
4(618 599 598 617)
4(1150 1149 1130 1131)
4(619 600 599 618)
4(1151 1150 1131 1132)
4(620 601 600 619)
4(1152 1151 1132 1133)
4(621 602 601 620)
4(1153 1152 1133 1134)
4(622 603 602 621)
4(1154 1153 1134 1135)
4(623 604 603 622)
4(1155 1154 1135 1136)
4(624 605 604 623)
4(1156 1155 1136 1137)
4(625 606 605 624)
4(1157 1156 1137 1138)
4(626 607 606 625)
4(1158 1157 1138 1139)
4(627 608 607 626)
4(1159 1158 1139 1140)
4(628 609 608 627)
4(1160 1159 1140 1141)
4(629 610 609 628)
4(1161 1160 1141 1142)
4(630 611 610 629)
4(1162 1161 1142 1143)
4(631 612 611 630)
4(1163 1162 1143 1144)
4(632 613 612 631)
4(1164 1163 1144 1145)
4(32 33 613 632)
4(173 1164 1145 174)
4(633 614 96 97)
4(1165 144 143 1146)
4(634 615 614 633)
4(1166 1165 1146 1147)
4(635 616 615 634)
4(1167 1166 1147 1148)
4(636 617 616 635)
4(1168 1167 1148 1149)
4(637 618 617 636)
4(1169 1168 1149 1150)
4(638 619 618 637)
4(1170 1169 1150 1151)
4(639 620 619 638)
4(1171 1170 1151 1152)
4(640 621 620 639)
4(1172 1171 1152 1153)
4(641 622 621 640)
4(1173 1172 1153 1154)
4(642 623 622 641)
4(1174 1173 1154 1155)
4(643 624 623 642)
4(1175 1174 1155 1156)
4(644 625 624 643)
4(1176 1175 1156 1157)
4(645 626 625 644)
4(1177 1176 1157 1158)
4(646 627 626 645)
4(1178 1177 1158 1159)
4(647 628 627 646)
4(1179 1178 1159 1160)
4(648 629 628 647)
4(1180 1179 1160 1161)
4(649 630 629 648)
4(1181 1180 1161 1162)
4(650 631 630 649)
4(1182 1181 1162 1163)
4(651 632 631 650)
4(1183 1182 1163 1164)
4(31 32 632 651)
4(172 1183 1164 173)
4(652 633 97 98)
4(1184 145 144 1165)
4(653 634 633 652)
4(1185 1184 1165 1166)
4(654 635 634 653)
4(1186 1185 1166 1167)
4(655 636 635 654)
4(1187 1186 1167 1168)
4(656 637 636 655)
4(1188 1187 1168 1169)
4(657 638 637 656)
4(1189 1188 1169 1170)
4(658 639 638 657)
4(1190 1189 1170 1171)
4(659 640 639 658)
4(1191 1190 1171 1172)
4(660 641 640 659)
4(1192 1191 1172 1173)
4(661 642 641 660)
4(1193 1192 1173 1174)
4(662 643 642 661)
4(1194 1193 1174 1175)
4(663 644 643 662)
4(1195 1194 1175 1176)
4(664 645 644 663)
4(1196 1195 1176 1177)
4(665 646 645 664)
4(1197 1196 1177 1178)
4(666 647 646 665)
4(1198 1197 1178 1179)
4(667 648 647 666)
4(1199 1198 1179 1180)
4(668 649 648 667)
4(1200 1199 1180 1181)
4(669 650 649 668)
4(1201 1200 1181 1182)
4(670 651 650 669)
4(1202 1201 1182 1183)
4(30 31 651 670)
4(171 1202 1183 172)
4(671 652 98 99)
4(1203 146 145 1184)
4(672 653 652 671)
4(1204 1203 1184 1185)
4(673 654 653 672)
4(1205 1204 1185 1186)
4(674 655 654 673)
4(1206 1205 1186 1187)
4(675 656 655 674)
4(1207 1206 1187 1188)
4(676 657 656 675)
4(1208 1207 1188 1189)
4(677 658 657 676)
4(1209 1208 1189 1190)
4(678 659 658 677)
4(1210 1209 1190 1191)
4(679 660 659 678)
4(1211 1210 1191 1192)
4(680 661 660 679)
4(1212 1211 1192 1193)
4(681 662 661 680)
4(1213 1212 1193 1194)
4(682 663 662 681)
4(1214 1213 1194 1195)
4(683 664 663 682)
4(1215 1214 1195 1196)
4(684 665 664 683)
4(1216 1215 1196 1197)
4(685 666 665 684)
4(1217 1216 1197 1198)
4(686 667 666 685)
4(1218 1217 1198 1199)
4(687 668 667 686)
4(1219 1218 1199 1200)
4(688 669 668 687)
4(1220 1219 1200 1201)
4(689 670 669 688)
4(1221 1220 1201 1202)
4(29 30 670 689)
4(170 1221 1202 171)
4(690 671 99 100)
4(1222 147 146 1203)
4(691 672 671 690)
4(1223 1222 1203 1204)
4(692 673 672 691)
4(1224 1223 1204 1205)
4(693 674 673 692)
4(1225 1224 1205 1206)
4(694 675 674 693)
4(1226 1225 1206 1207)
4(695 676 675 694)
4(1227 1226 1207 1208)
4(696 677 676 695)
4(1228 1227 1208 1209)
4(697 678 677 696)
4(1229 1228 1209 1210)
4(698 679 678 697)
4(1230 1229 1210 1211)
4(699 680 679 698)
4(1231 1230 1211 1212)
4(700 681 680 699)
4(1232 1231 1212 1213)
4(701 682 681 700)
4(1233 1232 1213 1214)
4(702 683 682 701)
4(1234 1233 1214 1215)
4(703 684 683 702)
4(1235 1234 1215 1216)
4(704 685 684 703)
4(1236 1235 1216 1217)
4(705 686 685 704)
4(1237 1236 1217 1218)
4(706 687 686 705)
4(1238 1237 1218 1219)
4(707 688 687 706)
4(1239 1238 1219 1220)
4(708 689 688 707)
4(1240 1239 1220 1221)
4(28 29 689 708)
4(169 1240 1221 170)
4(709 690 100 101)
4(1241 148 147 1222)
4(710 691 690 709)
4(1242 1241 1222 1223)
4(711 692 691 710)
4(1243 1242 1223 1224)
4(712 693 692 711)
4(1244 1243 1224 1225)
4(713 694 693 712)
4(1245 1244 1225 1226)
4(714 695 694 713)
4(1246 1245 1226 1227)
4(715 696 695 714)
4(1247 1246 1227 1228)
4(716 697 696 715)
4(1248 1247 1228 1229)
4(717 698 697 716)
4(1249 1248 1229 1230)
4(718 699 698 717)
4(1250 1249 1230 1231)
4(719 700 699 718)
4(1251 1250 1231 1232)
4(720 701 700 719)
4(1252 1251 1232 1233)
4(721 702 701 720)
4(1253 1252 1233 1234)
4(722 703 702 721)
4(1254 1253 1234 1235)
4(723 704 703 722)
4(1255 1254 1235 1236)
4(724 705 704 723)
4(1256 1255 1236 1237)
4(725 706 705 724)
4(1257 1256 1237 1238)
4(726 707 706 725)
4(1258 1257 1238 1239)
4(727 708 707 726)
4(1259 1258 1239 1240)
4(27 28 708 727)
4(168 1259 1240 169)
4(8 709 101 3)
4(149 6 148 1241)
4(9 710 709 8)
4(150 149 1241 1242)
4(10 711 710 9)
4(151 150 1242 1243)
4(11 712 711 10)
4(152 151 1243 1244)
4(12 713 712 11)
4(153 152 1244 1245)
4(13 714 713 12)
4(154 153 1245 1246)
4(14 715 714 13)
4(155 154 1246 1247)
4(15 716 715 14)
4(156 155 1247 1248)
4(16 717 716 15)
4(157 156 1248 1249)
4(17 718 717 16)
4(158 157 1249 1250)
4(18 719 718 17)
4(159 158 1250 1251)
4(19 720 719 18)
4(160 159 1251 1252)
4(20 721 720 19)
4(161 160 1252 1253)
4(21 722 721 20)
4(162 161 1253 1254)
4(22 723 722 21)
4(163 162 1254 1255)
4(23 724 723 22)
4(164 163 1255 1256)
4(24 725 724 23)
4(165 164 1256 1257)
4(25 726 725 24)
4(166 165 1257 1258)
4(26 727 726 25)
4(167 166 1258 1259)
4(0 27 727 26)
4(7 167 1259 168)
4(74 2 4 121)
4(54 195 5 1)
4(75 74 121 122)
4(53 194 195 54)
4(76 75 122 123)
4(52 193 194 53)
4(77 76 123 124)
4(51 192 193 52)
4(78 77 124 125)
4(50 191 192 51)
4(79 78 125 126)
4(49 190 191 50)
4(80 79 126 127)
4(48 189 190 49)
4(81 80 127 128)
4(47 188 189 48)
4(82 81 128 129)
4(46 187 188 47)
4(83 82 129 130)
4(45 186 187 46)
4(84 83 130 131)
4(44 185 186 45)
4(85 84 131 132)
4(43 184 185 44)
4(86 85 132 133)
4(42 183 184 43)
4(87 86 133 134)
4(41 182 183 42)
4(88 87 134 135)
4(40 181 182 41)
4(89 88 135 136)
4(39 180 181 40)
4(90 89 136 137)
4(38 179 180 39)
4(91 90 137 138)
4(37 178 179 38)
4(92 91 138 139)
4(36 177 178 37)
4(93 92 139 140)
4(35 176 177 36)
4(94 93 140 141)
4(34 175 176 35)
4(95 94 141 142)
4(33 174 175 34)
4(96 95 142 143)
4(32 173 174 33)
4(97 96 143 144)
4(31 172 173 32)
4(98 97 144 145)
4(30 171 172 31)
4(99 98 145 146)
4(29 170 171 30)
4(100 99 146 147)
4(28 169 170 29)
4(101 100 147 148)
4(27 168 169 28)
4(3 101 148 6)
4(8 3 6 149)
4(9 8 149 150)
4(10 9 150 151)
4(11 10 151 152)
4(12 11 152 153)
4(13 12 153 154)
4(14 13 154 155)
4(15 14 155 156)
4(16 15 156 157)
4(17 16 157 158)
4(18 17 158 159)
4(19 18 159 160)
4(20 19 160 161)
4(21 20 161 162)
4(22 21 162 163)
4(23 22 163 164)
4(24 23 164 165)
4(25 24 165 166)
4(26 25 166 167)
4(0 7 168 27)
4(0 26 167 7)
4(55 1 5 120)
4(56 55 120 119)
4(57 56 119 118)
4(58 57 118 117)
4(59 58 117 116)
4(60 59 116 115)
4(61 60 115 114)
4(62 61 114 113)
4(63 62 113 112)
4(64 63 112 111)
4(65 64 111 110)
4(66 65 110 109)
4(67 66 109 108)
4(68 67 108 107)
4(69 68 107 106)
4(70 69 106 105)
4(71 70 105 104)
4(72 71 104 103)
4(73 72 103 102)
4(2 73 102 4)
)


// ************************************************************************* //
