/*--------------------------------*- C++ -*----------------------------------*\
| =========                 |                                                 |
| \\      /  F ield         | OpenFOAM: The Open Source CFD Toolbox           |
|  \\    /   O peration     | Version:  v1606                                 |
|   \\  /    A nd           | Web:      www.OpenFOAM.com                      |
|    \\/     M anipulation  |                                                 |
\*---------------------------------------------------------------------------*/
FoamFile
{
    version     2.0;
    format      ascii;
    class       vectorField;
    location    "constant/solid/polyMesh";
    object      points;
}
// * * * * * * * * * * * * * * * * * * * * * * * * * * * * * * * * * * * * * //


1260
(
(1 0 0)
(1 0.2 0)
(0 0.2 0)
(0 0 0)
(0 0.2 -0.01)
(1 0.2 -0.01)
(0 0 -0.01)
(1 0 -0.01)
(0.05 0 0)
(0.1 0 0)
(0.15 0 0)
(0.2 0 0)
(0.25 0 0)
(0.3 0 0)
(0.35 0 0)
(0.4 0 0)
(0.45 0 0)
(0.5 0 0)
(0.55 0 0)
(0.6 0 0)
(0.65 0 0)
(0.7 0 0)
(0.75 0 0)
(0.8 0 0)
(0.85 0 0)
(0.9 0 0)
(0.95 0 0)
(1 0.02098859 0)
(1 0.03987832 0)
(1 0.05687908 0)
(1 0.07217976 0)
(1 0.08595037 0)
(1 0.09834392 0)
(1 0.1094981 0)
(1 0.1195369 0)
(1 0.1285718 0)
(1 0.1367032 0)
(1 0.1440215 0)
(1 0.1506079 0)
(1 0.1565357 0)
(1 0.1618707 0)
(1 0.1666723 0)
(1 0.1709936 0)
(1 0.1748828 0)
(1 0.1783831 0)
(1 0.1815334 0)
(1 0.1843687 0)
(1 0.1869204 0)
(1 0.1892169 0)
(1 0.1912838 0)
(1 0.193144 0)
(1 0.1948182 0)
(1 0.196325 0)
(1 0.1976811 0)
(1 0.1989016 0)
(0.95 0.2 0)
(0.9 0.2 0)
(0.85 0.2 0)
(0.8 0.2 0)
(0.75 0.2 0)
(0.7 0.2 0)
(0.65 0.2 0)
(0.6 0.2 0)
(0.55 0.2 0)
(0.5 0.2 0)
(0.45 0.2 0)
(0.4 0.2 0)
(0.35 0.2 0)
(0.3 0.2 0)
(0.25 0.2 0)
(0.2 0.2 0)
(0.15 0.2 0)
(0.1 0.2 0)
(0.05 0.2 0)
(0 0.1989016 0)
(0 0.1976811 0)
(0 0.196325 0)
(0 0.1948182 0)
(0 0.193144 0)
(0 0.1912838 0)
(0 0.1892169 0)
(0 0.1869204 0)
(0 0.1843687 0)
(0 0.1815334 0)
(0 0.1783831 0)
(0 0.1748828 0)
(0 0.1709936 0)
(0 0.1666722 0)
(0 0.1618707 0)
(0 0.1565357 0)
(0 0.1506079 0)
(0 0.1440215 0)
(0 0.1367032 0)
(0 0.1285718 0)
(0 0.1195369 0)
(0 0.1094981 0)
(0 0.09834392 0)
(0 0.08595037 0)
(0 0.07217975 0)
(0 0.05687907 0)
(0 0.03987832 0)
(0 0.02098859 0)
(0.05 0.2 -0.01)
(0.1 0.2 -0.01)
(0.15 0.2 -0.01)
(0.2 0.2 -0.01)
(0.25 0.2 -0.01)
(0.3 0.2 -0.01)
(0.35 0.2 -0.01)
(0.4 0.2 -0.01)
(0.45 0.2 -0.01)
(0.5 0.2 -0.01)
(0.55 0.2 -0.01)
(0.6 0.2 -0.01)
(0.65 0.2 -0.01)
(0.7 0.2 -0.01)
(0.75 0.2 -0.01)
(0.8 0.2 -0.01)
(0.85 0.2 -0.01)
(0.9 0.2 -0.01)
(0.95 0.2 -0.01)
(0 0.1989016 -0.01)
(0 0.1976811 -0.01)
(0 0.196325 -0.01)
(0 0.1948182 -0.01)
(0 0.193144 -0.01)
(0 0.1912838 -0.01)
(0 0.1892169 -0.01)
(0 0.1869204 -0.01)
(0 0.1843687 -0.01)
(0 0.1815334 -0.01)
(0 0.1783831 -0.01)
(0 0.1748828 -0.01)
(0 0.1709936 -0.01)
(0 0.1666722 -0.01)
(0 0.1618707 -0.01)
(0 0.1565357 -0.01)
(0 0.1506079 -0.01)
(0 0.1440215 -0.01)
(0 0.1367032 -0.01)
(0 0.1285718 -0.01)
(0 0.1195369 -0.01)
(0 0.1094981 -0.01)
(0 0.09834392 -0.01)
(0 0.08595037 -0.01)
(0 0.07217975 -0.01)
(0 0.05687907 -0.01)
(0 0.03987832 -0.01)
(0 0.02098859 -0.01)
(0.05 0 -0.01)
(0.1 0 -0.01)
(0.15 0 -0.01)
(0.2 0 -0.01)
(0.25 0 -0.01)
(0.3 0 -0.01)
(0.35 0 -0.01)
(0.4 0 -0.01)
(0.45 0 -0.01)
(0.5 0 -0.01)
(0.55 0 -0.01)
(0.6 0 -0.01)
(0.65 0 -0.01)
(0.7 0 -0.01)
(0.75 0 -0.01)
(0.8 0 -0.01)
(0.85 0 -0.01)
(0.9 0 -0.01)
(0.95 0 -0.01)
(1 0.02098859 -0.01)
(1 0.03987832 -0.01)
(1 0.05687908 -0.01)
(1 0.07217976 -0.01)
(1 0.08595037 -0.01)
(1 0.09834392 -0.01)
(1 0.1094981 -0.01)
(1 0.1195369 -0.01)
(1 0.1285718 -0.01)
(1 0.1367032 -0.01)
(1 0.1440215 -0.01)
(1 0.1506079 -0.01)
(1 0.1565357 -0.01)
(1 0.1618707 -0.01)
(1 0.1666723 -0.01)
(1 0.1709936 -0.01)
(1 0.1748828 -0.01)
(1 0.1783831 -0.01)
(1 0.1815334 -0.01)
(1 0.1843687 -0.01)
(1 0.1869204 -0.01)
(1 0.1892169 -0.01)
(1 0.1912838 -0.01)
(1 0.193144 -0.01)
(1 0.1948182 -0.01)
(1 0.196325 -0.01)
(1 0.1976811 -0.01)
(1 0.1989016 -0.01)
(0.05 0.1989016 0)
(0.1 0.1989016 0)
(0.15 0.1989016 0)
(0.2 0.1989016 0)
(0.25 0.1989016 0)
(0.3 0.1989016 0)
(0.35 0.1989016 0)
(0.4 0.1989016 0)
(0.45 0.1989016 0)
(0.5 0.1989016 0)
(0.55 0.1989016 0)
(0.6 0.1989016 0)
(0.65 0.1989016 0)
(0.7 0.1989016 0)
(0.75 0.1989016 0)
(0.8 0.1989016 0)
(0.85 0.1989016 0)
(0.9 0.1989016 0)
(0.95 0.1989016 0)
(0.05 0.1976811 0)
(0.1 0.1976811 0)
(0.15 0.1976811 0)
(0.2 0.1976811 0)
(0.25 0.1976811 0)
(0.3 0.1976811 0)
(0.35 0.1976811 0)
(0.4 0.1976811 0)
(0.45 0.1976811 0)
(0.5 0.1976811 0)
(0.55 0.1976811 0)
(0.6 0.1976811 0)
(0.65 0.1976811 0)
(0.7 0.1976811 0)
(0.75 0.1976811 0)
(0.8 0.1976811 0)
(0.85 0.1976811 0)
(0.9 0.1976811 0)
(0.95 0.1976811 0)
(0.05 0.196325 0)
(0.1 0.196325 0)
(0.15 0.196325 0)
(0.2 0.196325 0)
(0.25 0.196325 0)
(0.3 0.196325 0)
(0.35 0.196325 0)
(0.4 0.196325 0)
(0.45 0.196325 0)
(0.5 0.196325 0)
(0.55 0.196325 0)
(0.6 0.196325 0)
(0.65 0.196325 0)
(0.7 0.196325 0)
(0.75 0.196325 0)
(0.8 0.196325 0)
(0.85 0.196325 0)
(0.9 0.196325 0)
(0.95 0.196325 0)
(0.05 0.1948182 0)
(0.1 0.1948182 0)
(0.15 0.1948182 0)
(0.2 0.1948182 0)
(0.25 0.1948182 0)
(0.3 0.1948182 0)
(0.35 0.1948182 0)
(0.4 0.1948182 0)
(0.45 0.1948182 0)
(0.5 0.1948182 0)
(0.55 0.1948182 0)
(0.6 0.1948182 0)
(0.65 0.1948182 0)
(0.7 0.1948182 0)
(0.75 0.1948182 0)
(0.8 0.1948182 0)
(0.85 0.1948182 0)
(0.9 0.1948182 0)
(0.95 0.1948182 0)
(0.05 0.193144 0)
(0.1 0.193144 0)
(0.15 0.193144 0)
(0.2 0.193144 0)
(0.25 0.193144 0)
(0.3 0.193144 0)
(0.35 0.193144 0)
(0.4 0.193144 0)
(0.45 0.193144 0)
(0.5 0.193144 0)
(0.55 0.193144 0)
(0.6 0.193144 0)
(0.65 0.193144 0)
(0.7 0.193144 0)
(0.75 0.193144 0)
(0.8 0.193144 0)
(0.85 0.193144 0)
(0.9 0.193144 0)
(0.95 0.193144 0)
(0.05 0.1912838 0)
(0.1 0.1912838 0)
(0.15 0.1912838 0)
(0.2 0.1912838 0)
(0.25 0.1912838 0)
(0.3 0.1912838 0)
(0.35 0.1912838 0)
(0.4 0.1912838 0)
(0.45 0.1912838 0)
(0.5 0.1912838 0)
(0.55 0.1912838 0)
(0.6 0.1912838 0)
(0.65 0.1912838 0)
(0.7 0.1912838 0)
(0.75 0.1912838 0)
(0.8 0.1912838 0)
(0.85 0.1912838 0)
(0.9 0.1912838 0)
(0.95 0.1912838 0)
(0.05 0.1892169 0)
(0.1 0.1892169 0)
(0.15 0.1892169 0)
(0.2 0.1892169 0)
(0.25 0.1892169 0)
(0.3 0.1892169 0)
(0.35 0.1892169 0)
(0.4 0.1892169 0)
(0.45 0.1892169 0)
(0.5 0.1892169 0)
(0.55 0.1892169 0)
(0.6 0.1892169 0)
(0.65 0.1892169 0)
(0.7 0.1892169 0)
(0.75 0.1892169 0)
(0.8 0.1892169 0)
(0.85 0.1892169 0)
(0.9 0.1892169 0)
(0.95 0.1892169 0)
(0.05 0.1869204 0)
(0.1 0.1869204 0)
(0.15 0.1869204 0)
(0.2 0.1869204 0)
(0.25 0.1869204 0)
(0.3 0.1869204 0)
(0.35 0.1869204 0)
(0.4 0.1869204 0)
(0.45 0.1869204 0)
(0.5 0.1869204 0)
(0.55 0.1869204 0)
(0.6 0.1869204 0)
(0.65 0.1869204 0)
(0.7 0.1869204 0)
(0.75 0.1869204 0)
(0.8 0.1869204 0)
(0.85 0.1869204 0)
(0.9 0.1869204 0)
(0.95 0.1869204 0)
(0.05 0.1843687 0)
(0.1 0.1843687 0)
(0.15 0.1843687 0)
(0.2 0.1843687 0)
(0.25 0.1843687 0)
(0.3 0.1843687 0)
(0.35 0.1843687 0)
(0.4 0.1843687 0)
(0.45 0.1843687 0)
(0.5 0.1843687 0)
(0.55 0.1843687 0)
(0.6 0.1843687 0)
(0.65 0.1843687 0)
(0.7 0.1843687 0)
(0.75 0.1843687 0)
(0.8 0.1843687 0)
(0.85 0.1843687 0)
(0.9 0.1843687 0)
(0.95 0.1843687 0)
(0.05 0.1815334 0)
(0.1 0.1815334 0)
(0.15 0.1815334 0)
(0.2 0.1815334 0)
(0.25 0.1815334 0)
(0.3 0.1815334 0)
(0.35 0.1815334 0)
(0.4 0.1815334 0)
(0.45 0.1815334 0)
(0.5 0.1815334 0)
(0.55 0.1815334 0)
(0.6 0.1815334 0)
(0.65 0.1815334 0)
(0.7 0.1815334 0)
(0.75 0.1815334 0)
(0.8 0.1815334 0)
(0.85 0.1815334 0)
(0.9 0.1815334 0)
(0.95 0.1815334 0)
(0.05 0.1783831 0)
(0.1 0.1783831 0)
(0.15 0.1783831 0)
(0.2 0.1783831 0)
(0.25 0.1783831 0)
(0.3 0.1783831 0)
(0.35 0.1783831 0)
(0.4 0.1783831 0)
(0.45 0.1783831 0)
(0.5 0.1783831 0)
(0.55 0.1783831 0)
(0.6 0.1783831 0)
(0.65 0.1783831 0)
(0.7 0.1783831 0)
(0.75 0.1783831 0)
(0.8 0.1783831 0)
(0.85 0.1783831 0)
(0.9 0.1783831 0)
(0.95 0.1783831 0)
(0.05 0.1748828 0)
(0.1 0.1748828 0)
(0.15 0.1748828 0)
(0.2 0.1748828 0)
(0.25 0.1748828 0)
(0.3 0.1748828 0)
(0.35 0.1748828 0)
(0.4 0.1748828 0)
(0.45 0.1748828 0)
(0.5 0.1748828 0)
(0.55 0.1748828 0)
(0.6 0.1748828 0)
(0.65 0.1748828 0)
(0.7 0.1748828 0)
(0.75 0.1748828 0)
(0.8 0.1748828 0)
(0.85 0.1748828 0)
(0.9 0.1748828 0)
(0.95 0.1748828 0)
(0.05 0.1709936 0)
(0.1 0.1709936 0)
(0.15 0.1709936 0)
(0.2 0.1709936 0)
(0.25 0.1709936 0)
(0.3 0.1709936 0)
(0.35 0.1709936 0)
(0.4 0.1709936 0)
(0.45 0.1709936 0)
(0.5 0.1709936 0)
(0.55 0.1709936 0)
(0.6 0.1709936 0)
(0.65 0.1709936 0)
(0.7 0.1709936 0)
(0.75 0.1709936 0)
(0.8 0.1709936 0)
(0.85 0.1709936 0)
(0.9 0.1709936 0)
(0.95 0.1709936 0)
(0.05 0.1666722 0)
(0.1 0.1666722 0)
(0.15 0.1666722 0)
(0.2 0.1666722 0)
(0.25 0.1666722 0)
(0.3 0.1666722 0)
(0.35 0.1666722 0)
(0.4 0.1666722 0)
(0.45 0.1666722 0)
(0.5 0.1666722 0)
(0.55 0.1666722 0)
(0.6 0.1666722 0)
(0.65 0.1666722 0)
(0.7 0.1666722 0)
(0.75 0.1666722 0)
(0.8 0.1666722 0)
(0.85 0.1666722 0)
(0.9 0.1666722 0)
(0.95 0.1666723 0)
(0.05 0.1618707 0)
(0.1 0.1618707 0)
(0.15 0.1618707 0)
(0.2 0.1618707 0)
(0.25 0.1618707 0)
(0.3 0.1618707 0)
(0.35 0.1618707 0)
(0.4 0.1618707 0)
(0.45 0.1618707 0)
(0.5 0.1618707 0)
(0.55 0.1618707 0)
(0.6 0.1618707 0)
(0.65 0.1618707 0)
(0.7 0.1618707 0)
(0.75 0.1618707 0)
(0.8 0.1618707 0)
(0.85 0.1618707 0)
(0.9 0.1618707 0)
(0.95 0.1618707 0)
(0.05 0.1565357 0)
(0.1 0.1565357 0)
(0.15 0.1565357 0)
(0.2 0.1565357 0)
(0.25 0.1565357 0)
(0.3 0.1565357 0)
(0.35 0.1565357 0)
(0.4 0.1565357 0)
(0.45 0.1565357 0)
(0.5 0.1565357 0)
(0.55 0.1565357 0)
(0.6 0.1565357 0)
(0.65 0.1565357 0)
(0.7 0.1565357 0)
(0.75 0.1565357 0)
(0.8 0.1565357 0)
(0.85 0.1565357 0)
(0.9 0.1565357 0)
(0.95 0.1565357 0)
(0.05 0.1506079 0)
(0.1 0.1506079 0)
(0.15 0.1506079 0)
(0.2 0.1506079 0)
(0.25 0.1506079 0)
(0.3 0.1506079 0)
(0.35 0.1506079 0)
(0.4 0.1506079 0)
(0.45 0.1506079 0)
(0.5 0.1506079 0)
(0.55 0.1506079 0)
(0.6 0.1506079 0)
(0.65 0.1506079 0)
(0.7 0.1506079 0)
(0.75 0.1506079 0)
(0.8 0.1506079 0)
(0.85 0.1506079 0)
(0.9 0.1506079 0)
(0.95 0.1506079 0)
(0.05 0.1440215 0)
(0.1 0.1440215 0)
(0.15 0.1440215 0)
(0.2 0.1440215 0)
(0.25 0.1440215 0)
(0.3 0.1440215 0)
(0.35 0.1440215 0)
(0.4 0.1440215 0)
(0.45 0.1440215 0)
(0.5 0.1440215 0)
(0.55 0.1440215 0)
(0.6 0.1440215 0)
(0.65 0.1440215 0)
(0.7 0.1440215 0)
(0.75 0.1440215 0)
(0.8 0.1440215 0)
(0.85 0.1440215 0)
(0.9 0.1440215 0)
(0.95 0.1440215 0)
(0.05 0.1367032 0)
(0.1 0.1367032 0)
(0.15 0.1367032 0)
(0.2 0.1367032 0)
(0.25 0.1367032 0)
(0.3 0.1367032 0)
(0.35 0.1367032 0)
(0.4 0.1367032 0)
(0.45 0.1367032 0)
(0.5 0.1367032 0)
(0.55 0.1367032 0)
(0.6 0.1367032 0)
(0.65 0.1367032 0)
(0.7 0.1367032 0)
(0.75 0.1367032 0)
(0.8 0.1367032 0)
(0.85 0.1367032 0)
(0.9 0.1367032 0)
(0.95 0.1367032 0)
(0.05 0.1285718 0)
(0.1 0.1285718 0)
(0.15 0.1285718 0)
(0.2 0.1285718 0)
(0.25 0.1285718 0)
(0.3 0.1285718 0)
(0.35 0.1285718 0)
(0.4 0.1285718 0)
(0.45 0.1285718 0)
(0.5 0.1285718 0)
(0.55 0.1285718 0)
(0.6 0.1285718 0)
(0.65 0.1285718 0)
(0.7 0.1285718 0)
(0.75 0.1285718 0)
(0.8 0.1285718 0)
(0.85 0.1285718 0)
(0.9 0.1285718 0)
(0.95 0.1285718 0)
(0.05 0.1195369 0)
(0.1 0.1195369 0)
(0.15 0.1195369 0)
(0.2 0.1195369 0)
(0.25 0.1195369 0)
(0.3 0.1195369 0)
(0.35 0.1195369 0)
(0.4 0.1195369 0)
(0.45 0.1195369 0)
(0.5 0.1195369 0)
(0.55 0.1195369 0)
(0.6 0.1195369 0)
(0.65 0.1195369 0)
(0.7 0.1195369 0)
(0.75 0.1195369 0)
(0.8 0.1195369 0)
(0.85 0.1195369 0)
(0.9 0.1195369 0)
(0.95 0.1195369 0)
(0.05 0.1094981 0)
(0.1 0.1094981 0)
(0.15 0.1094981 0)
(0.2 0.1094981 0)
(0.25 0.1094981 0)
(0.3 0.1094981 0)
(0.35 0.1094981 0)
(0.4 0.1094981 0)
(0.45 0.1094981 0)
(0.5 0.1094981 0)
(0.55 0.1094981 0)
(0.6 0.1094981 0)
(0.65 0.1094981 0)
(0.7 0.1094981 0)
(0.75 0.1094981 0)
(0.8 0.1094981 0)
(0.85 0.1094981 0)
(0.9 0.1094981 0)
(0.95 0.1094981 0)
(0.05 0.09834392 0)
(0.1 0.09834392 0)
(0.15 0.09834392 0)
(0.2 0.09834392 0)
(0.25 0.09834392 0)
(0.3 0.09834392 0)
(0.35 0.09834392 0)
(0.4 0.09834392 0)
(0.45 0.09834392 0)
(0.5 0.09834392 0)
(0.55 0.09834392 0)
(0.6 0.09834392 0)
(0.65 0.09834392 0)
(0.7 0.09834392 0)
(0.75 0.09834392 0)
(0.8 0.09834392 0)
(0.85 0.09834392 0)
(0.9 0.09834392 0)
(0.95 0.09834392 0)
(0.05 0.08595037 0)
(0.1 0.08595037 0)
(0.15 0.08595037 0)
(0.2 0.08595037 0)
(0.25 0.08595037 0)
(0.3 0.08595037 0)
(0.35 0.08595037 0)
(0.4 0.08595037 0)
(0.45 0.08595037 0)
(0.5 0.08595037 0)
(0.55 0.08595037 0)
(0.6 0.08595037 0)
(0.65 0.08595037 0)
(0.7 0.08595037 0)
(0.75 0.08595037 0)
(0.8 0.08595037 0)
(0.85 0.08595037 0)
(0.9 0.08595037 0)
(0.95 0.08595037 0)
(0.05 0.07217975 0)
(0.1 0.07217975 0)
(0.15 0.07217975 0)
(0.2 0.07217975 0)
(0.25 0.07217976 0)
(0.3 0.07217976 0)
(0.35 0.07217976 0)
(0.4 0.07217976 0)
(0.45 0.07217976 0)
(0.5 0.07217976 0)
(0.55 0.07217976 0)
(0.6 0.07217976 0)
(0.65 0.07217976 0)
(0.7 0.07217976 0)
(0.75 0.07217976 0)
(0.8 0.07217976 0)
(0.85 0.07217976 0)
(0.9 0.07217976 0)
(0.95 0.07217976 0)
(0.05 0.05687907 0)
(0.1 0.05687907 0)
(0.15 0.05687907 0)
(0.2 0.05687907 0)
(0.25 0.05687907 0)
(0.3 0.05687907 0)
(0.35 0.05687907 0)
(0.4 0.05687907 0)
(0.45 0.05687907 0)
(0.5 0.05687908 0)
(0.55 0.05687908 0)
(0.6 0.05687908 0)
(0.65 0.05687908 0)
(0.7 0.05687908 0)
(0.75 0.05687908 0)
(0.8 0.05687908 0)
(0.85 0.05687908 0)
(0.9 0.05687908 0)
(0.95 0.05687908 0)
(0.05 0.03987832 0)
(0.1 0.03987832 0)
(0.15 0.03987832 0)
(0.2 0.03987832 0)
(0.25 0.03987832 0)
(0.3 0.03987832 0)
(0.35 0.03987832 0)
(0.4 0.03987832 0)
(0.45 0.03987832 0)
(0.5 0.03987832 0)
(0.55 0.03987832 0)
(0.6 0.03987832 0)
(0.65 0.03987832 0)
(0.7 0.03987832 0)
(0.75 0.03987832 0)
(0.8 0.03987832 0)
(0.85 0.03987832 0)
(0.9 0.03987832 0)
(0.95 0.03987832 0)
(0.05 0.02098859 0)
(0.1 0.02098859 0)
(0.15 0.02098859 0)
(0.2 0.02098859 0)
(0.25 0.02098859 0)
(0.3 0.02098859 0)
(0.35 0.02098859 0)
(0.4 0.02098859 0)
(0.45 0.02098859 0)
(0.5 0.02098859 0)
(0.55 0.02098859 0)
(0.6 0.02098859 0)
(0.65 0.02098859 0)
(0.7 0.02098859 0)
(0.75 0.02098859 0)
(0.8 0.02098859 0)
(0.85 0.02098859 0)
(0.9 0.02098859 0)
(0.95 0.02098859 0)
(0.05 0.1989016 -0.01)
(0.1 0.1989016 -0.01)
(0.15 0.1989016 -0.01)
(0.2 0.1989016 -0.01)
(0.25 0.1989016 -0.01)
(0.3 0.1989016 -0.01)
(0.35 0.1989016 -0.01)
(0.4 0.1989016 -0.01)
(0.45 0.1989016 -0.01)
(0.5 0.1989016 -0.01)
(0.55 0.1989016 -0.01)
(0.6 0.1989016 -0.01)
(0.65 0.1989016 -0.01)
(0.7 0.1989016 -0.01)
(0.75 0.1989016 -0.01)
(0.8 0.1989016 -0.01)
(0.85 0.1989016 -0.01)
(0.9 0.1989016 -0.01)
(0.95 0.1989016 -0.01)
(0.05 0.1976811 -0.01)
(0.1 0.1976811 -0.01)
(0.15 0.1976811 -0.01)
(0.2 0.1976811 -0.01)
(0.25 0.1976811 -0.01)
(0.3 0.1976811 -0.01)
(0.35 0.1976811 -0.01)
(0.4 0.1976811 -0.01)
(0.45 0.1976811 -0.01)
(0.5 0.1976811 -0.01)
(0.55 0.1976811 -0.01)
(0.6 0.1976811 -0.01)
(0.65 0.1976811 -0.01)
(0.7 0.1976811 -0.01)
(0.75 0.1976811 -0.01)
(0.8 0.1976811 -0.01)
(0.85 0.1976811 -0.01)
(0.9 0.1976811 -0.01)
(0.95 0.1976811 -0.01)
(0.05 0.196325 -0.01)
(0.1 0.196325 -0.01)
(0.15 0.196325 -0.01)
(0.2 0.196325 -0.01)
(0.25 0.196325 -0.01)
(0.3 0.196325 -0.01)
(0.35 0.196325 -0.01)
(0.4 0.196325 -0.01)
(0.45 0.196325 -0.01)
(0.5 0.196325 -0.01)
(0.55 0.196325 -0.01)
(0.6 0.196325 -0.01)
(0.65 0.196325 -0.01)
(0.7 0.196325 -0.01)
(0.75 0.196325 -0.01)
(0.8 0.196325 -0.01)
(0.85 0.196325 -0.01)
(0.9 0.196325 -0.01)
(0.95 0.196325 -0.01)
(0.05 0.1948182 -0.01)
(0.1 0.1948182 -0.01)
(0.15 0.1948182 -0.01)
(0.2 0.1948182 -0.01)
(0.25 0.1948182 -0.01)
(0.3 0.1948182 -0.01)
(0.35 0.1948182 -0.01)
(0.4 0.1948182 -0.01)
(0.45 0.1948182 -0.01)
(0.5 0.1948182 -0.01)
(0.55 0.1948182 -0.01)
(0.6 0.1948182 -0.01)
(0.65 0.1948182 -0.01)
(0.7 0.1948182 -0.01)
(0.75 0.1948182 -0.01)
(0.8 0.1948182 -0.01)
(0.85 0.1948182 -0.01)
(0.9 0.1948182 -0.01)
(0.95 0.1948182 -0.01)
(0.05 0.193144 -0.01)
(0.1 0.193144 -0.01)
(0.15 0.193144 -0.01)
(0.2 0.193144 -0.01)
(0.25 0.193144 -0.01)
(0.3 0.193144 -0.01)
(0.35 0.193144 -0.01)
(0.4 0.193144 -0.01)
(0.45 0.193144 -0.01)
(0.5 0.193144 -0.01)
(0.55 0.193144 -0.01)
(0.6 0.193144 -0.01)
(0.65 0.193144 -0.01)
(0.7 0.193144 -0.01)
(0.75 0.193144 -0.01)
(0.8 0.193144 -0.01)
(0.85 0.193144 -0.01)
(0.9 0.193144 -0.01)
(0.95 0.193144 -0.01)
(0.05 0.1912838 -0.01)
(0.1 0.1912838 -0.01)
(0.15 0.1912838 -0.01)
(0.2 0.1912838 -0.01)
(0.25 0.1912838 -0.01)
(0.3 0.1912838 -0.01)
(0.35 0.1912838 -0.01)
(0.4 0.1912838 -0.01)
(0.45 0.1912838 -0.01)
(0.5 0.1912838 -0.01)
(0.55 0.1912838 -0.01)
(0.6 0.1912838 -0.01)
(0.65 0.1912838 -0.01)
(0.7 0.1912838 -0.01)
(0.75 0.1912838 -0.01)
(0.8 0.1912838 -0.01)
(0.85 0.1912838 -0.01)
(0.9 0.1912838 -0.01)
(0.95 0.1912838 -0.01)
(0.05 0.1892169 -0.01)
(0.1 0.1892169 -0.01)
(0.15 0.1892169 -0.01)
(0.2 0.1892169 -0.01)
(0.25 0.1892169 -0.01)
(0.3 0.1892169 -0.01)
(0.35 0.1892169 -0.01)
(0.4 0.1892169 -0.01)
(0.45 0.1892169 -0.01)
(0.5 0.1892169 -0.01)
(0.55 0.1892169 -0.01)
(0.6 0.1892169 -0.01)
(0.65 0.1892169 -0.01)
(0.7 0.1892169 -0.01)
(0.75 0.1892169 -0.01)
(0.8 0.1892169 -0.01)
(0.85 0.1892169 -0.01)
(0.9 0.1892169 -0.01)
(0.95 0.1892169 -0.01)
(0.05 0.1869204 -0.01)
(0.1 0.1869204 -0.01)
(0.15 0.1869204 -0.01)
(0.2 0.1869204 -0.01)
(0.25 0.1869204 -0.01)
(0.3 0.1869204 -0.01)
(0.35 0.1869204 -0.01)
(0.4 0.1869204 -0.01)
(0.45 0.1869204 -0.01)
(0.5 0.1869204 -0.01)
(0.55 0.1869204 -0.01)
(0.6 0.1869204 -0.01)
(0.65 0.1869204 -0.01)
(0.7 0.1869204 -0.01)
(0.75 0.1869204 -0.01)
(0.8 0.1869204 -0.01)
(0.85 0.1869204 -0.01)
(0.9 0.1869204 -0.01)
(0.95 0.1869204 -0.01)
(0.05 0.1843687 -0.01)
(0.1 0.1843687 -0.01)
(0.15 0.1843687 -0.01)
(0.2 0.1843687 -0.01)
(0.25 0.1843687 -0.01)
(0.3 0.1843687 -0.01)
(0.35 0.1843687 -0.01)
(0.4 0.1843687 -0.01)
(0.45 0.1843687 -0.01)
(0.5 0.1843687 -0.01)
(0.55 0.1843687 -0.01)
(0.6 0.1843687 -0.01)
(0.65 0.1843687 -0.01)
(0.7 0.1843687 -0.01)
(0.75 0.1843687 -0.01)
(0.8 0.1843687 -0.01)
(0.85 0.1843687 -0.01)
(0.9 0.1843687 -0.01)
(0.95 0.1843687 -0.01)
(0.05 0.1815334 -0.01)
(0.1 0.1815334 -0.01)
(0.15 0.1815334 -0.01)
(0.2 0.1815334 -0.01)
(0.25 0.1815334 -0.01)
(0.3 0.1815334 -0.01)
(0.35 0.1815334 -0.01)
(0.4 0.1815334 -0.01)
(0.45 0.1815334 -0.01)
(0.5 0.1815334 -0.01)
(0.55 0.1815334 -0.01)
(0.6 0.1815334 -0.01)
(0.65 0.1815334 -0.01)
(0.7 0.1815334 -0.01)
(0.75 0.1815334 -0.01)
(0.8 0.1815334 -0.01)
(0.85 0.1815334 -0.01)
(0.9 0.1815334 -0.01)
(0.95 0.1815334 -0.01)
(0.05 0.1783831 -0.01)
(0.1 0.1783831 -0.01)
(0.15 0.1783831 -0.01)
(0.2 0.1783831 -0.01)
(0.25 0.1783831 -0.01)
(0.3 0.1783831 -0.01)
(0.35 0.1783831 -0.01)
(0.4 0.1783831 -0.01)
(0.45 0.1783831 -0.01)
(0.5 0.1783831 -0.01)
(0.55 0.1783831 -0.01)
(0.6 0.1783831 -0.01)
(0.65 0.1783831 -0.01)
(0.7 0.1783831 -0.01)
(0.75 0.1783831 -0.01)
(0.8 0.1783831 -0.01)
(0.85 0.1783831 -0.01)
(0.9 0.1783831 -0.01)
(0.95 0.1783831 -0.01)
(0.05 0.1748828 -0.01)
(0.1 0.1748828 -0.01)
(0.15 0.1748828 -0.01)
(0.2 0.1748828 -0.01)
(0.25 0.1748828 -0.01)
(0.3 0.1748828 -0.01)
(0.35 0.1748828 -0.01)
(0.4 0.1748828 -0.01)
(0.45 0.1748828 -0.01)
(0.5 0.1748828 -0.01)
(0.55 0.1748828 -0.01)
(0.6 0.1748828 -0.01)
(0.65 0.1748828 -0.01)
(0.7 0.1748828 -0.01)
(0.75 0.1748828 -0.01)
(0.8 0.1748828 -0.01)
(0.85 0.1748828 -0.01)
(0.9 0.1748828 -0.01)
(0.95 0.1748828 -0.01)
(0.05 0.1709936 -0.01)
(0.1 0.1709936 -0.01)
(0.15 0.1709936 -0.01)
(0.2 0.1709936 -0.01)
(0.25 0.1709936 -0.01)
(0.3 0.1709936 -0.01)
(0.35 0.1709936 -0.01)
(0.4 0.1709936 -0.01)
(0.45 0.1709936 -0.01)
(0.5 0.1709936 -0.01)
(0.55 0.1709936 -0.01)
(0.6 0.1709936 -0.01)
(0.65 0.1709936 -0.01)
(0.7 0.1709936 -0.01)
(0.75 0.1709936 -0.01)
(0.8 0.1709936 -0.01)
(0.85 0.1709936 -0.01)
(0.9 0.1709936 -0.01)
(0.95 0.1709936 -0.01)
(0.05 0.1666722 -0.01)
(0.1 0.1666722 -0.01)
(0.15 0.1666722 -0.01)
(0.2 0.1666722 -0.01)
(0.25 0.1666722 -0.01)
(0.3 0.1666722 -0.01)
(0.35 0.1666722 -0.01)
(0.4 0.1666722 -0.01)
(0.45 0.1666722 -0.01)
(0.5 0.1666722 -0.01)
(0.55 0.1666722 -0.01)
(0.6 0.1666722 -0.01)
(0.65 0.1666722 -0.01)
(0.7 0.1666722 -0.01)
(0.75 0.1666722 -0.01)
(0.8 0.1666722 -0.01)
(0.85 0.1666722 -0.01)
(0.9 0.1666722 -0.01)
(0.95 0.1666723 -0.01)
(0.05 0.1618707 -0.01)
(0.1 0.1618707 -0.01)
(0.15 0.1618707 -0.01)
(0.2 0.1618707 -0.01)
(0.25 0.1618707 -0.01)
(0.3 0.1618707 -0.01)
(0.35 0.1618707 -0.01)
(0.4 0.1618707 -0.01)
(0.45 0.1618707 -0.01)
(0.5 0.1618707 -0.01)
(0.55 0.1618707 -0.01)
(0.6 0.1618707 -0.01)
(0.65 0.1618707 -0.01)
(0.7 0.1618707 -0.01)
(0.75 0.1618707 -0.01)
(0.8 0.1618707 -0.01)
(0.85 0.1618707 -0.01)
(0.9 0.1618707 -0.01)
(0.95 0.1618707 -0.01)
(0.05 0.1565357 -0.01)
(0.1 0.1565357 -0.01)
(0.15 0.1565357 -0.01)
(0.2 0.1565357 -0.01)
(0.25 0.1565357 -0.01)
(0.3 0.1565357 -0.01)
(0.35 0.1565357 -0.01)
(0.4 0.1565357 -0.01)
(0.45 0.1565357 -0.01)
(0.5 0.1565357 -0.01)
(0.55 0.1565357 -0.01)
(0.6 0.1565357 -0.01)
(0.65 0.1565357 -0.01)
(0.7 0.1565357 -0.01)
(0.75 0.1565357 -0.01)
(0.8 0.1565357 -0.01)
(0.85 0.1565357 -0.01)
(0.9 0.1565357 -0.01)
(0.95 0.1565357 -0.01)
(0.05 0.1506079 -0.01)
(0.1 0.1506079 -0.01)
(0.15 0.1506079 -0.01)
(0.2 0.1506079 -0.01)
(0.25 0.1506079 -0.01)
(0.3 0.1506079 -0.01)
(0.35 0.1506079 -0.01)
(0.4 0.1506079 -0.01)
(0.45 0.1506079 -0.01)
(0.5 0.1506079 -0.01)
(0.55 0.1506079 -0.01)
(0.6 0.1506079 -0.01)
(0.65 0.1506079 -0.01)
(0.7 0.1506079 -0.01)
(0.75 0.1506079 -0.01)
(0.8 0.1506079 -0.01)
(0.85 0.1506079 -0.01)
(0.9 0.1506079 -0.01)
(0.95 0.1506079 -0.01)
(0.05 0.1440215 -0.01)
(0.1 0.1440215 -0.01)
(0.15 0.1440215 -0.01)
(0.2 0.1440215 -0.01)
(0.25 0.1440215 -0.01)
(0.3 0.1440215 -0.01)
(0.35 0.1440215 -0.01)
(0.4 0.1440215 -0.01)
(0.45 0.1440215 -0.01)
(0.5 0.1440215 -0.01)
(0.55 0.1440215 -0.01)
(0.6 0.1440215 -0.01)
(0.65 0.1440215 -0.01)
(0.7 0.1440215 -0.01)
(0.75 0.1440215 -0.01)
(0.8 0.1440215 -0.01)
(0.85 0.1440215 -0.01)
(0.9 0.1440215 -0.01)
(0.95 0.1440215 -0.01)
(0.05 0.1367032 -0.01)
(0.1 0.1367032 -0.01)
(0.15 0.1367032 -0.01)
(0.2 0.1367032 -0.01)
(0.25 0.1367032 -0.01)
(0.3 0.1367032 -0.01)
(0.35 0.1367032 -0.01)
(0.4 0.1367032 -0.01)
(0.45 0.1367032 -0.01)
(0.5 0.1367032 -0.01)
(0.55 0.1367032 -0.01)
(0.6 0.1367032 -0.01)
(0.65 0.1367032 -0.01)
(0.7 0.1367032 -0.01)
(0.75 0.1367032 -0.01)
(0.8 0.1367032 -0.01)
(0.85 0.1367032 -0.01)
(0.9 0.1367032 -0.01)
(0.95 0.1367032 -0.01)
(0.05 0.1285718 -0.01)
(0.1 0.1285718 -0.01)
(0.15 0.1285718 -0.01)
(0.2 0.1285718 -0.01)
(0.25 0.1285718 -0.01)
(0.3 0.1285718 -0.01)
(0.35 0.1285718 -0.01)
(0.4 0.1285718 -0.01)
(0.45 0.1285718 -0.01)
(0.5 0.1285718 -0.01)
(0.55 0.1285718 -0.01)
(0.6 0.1285718 -0.01)
(0.65 0.1285718 -0.01)
(0.7 0.1285718 -0.01)
(0.75 0.1285718 -0.01)
(0.8 0.1285718 -0.01)
(0.85 0.1285718 -0.01)
(0.9 0.1285718 -0.01)
(0.95 0.1285718 -0.01)
(0.05 0.1195369 -0.01)
(0.1 0.1195369 -0.01)
(0.15 0.1195369 -0.01)
(0.2 0.1195369 -0.01)
(0.25 0.1195369 -0.01)
(0.3 0.1195369 -0.01)
(0.35 0.1195369 -0.01)
(0.4 0.1195369 -0.01)
(0.45 0.1195369 -0.01)
(0.5 0.1195369 -0.01)
(0.55 0.1195369 -0.01)
(0.6 0.1195369 -0.01)
(0.65 0.1195369 -0.01)
(0.7 0.1195369 -0.01)
(0.75 0.1195369 -0.01)
(0.8 0.1195369 -0.01)
(0.85 0.1195369 -0.01)
(0.9 0.1195369 -0.01)
(0.95 0.1195369 -0.01)
(0.05 0.1094981 -0.01)
(0.1 0.1094981 -0.01)
(0.15 0.1094981 -0.01)
(0.2 0.1094981 -0.01)
(0.25 0.1094981 -0.01)
(0.3 0.1094981 -0.01)
(0.35 0.1094981 -0.01)
(0.4 0.1094981 -0.01)
(0.45 0.1094981 -0.01)
(0.5 0.1094981 -0.01)
(0.55 0.1094981 -0.01)
(0.6 0.1094981 -0.01)
(0.65 0.1094981 -0.01)
(0.7 0.1094981 -0.01)
(0.75 0.1094981 -0.01)
(0.8 0.1094981 -0.01)
(0.85 0.1094981 -0.01)
(0.9 0.1094981 -0.01)
(0.95 0.1094981 -0.01)
(0.05 0.09834392 -0.01)
(0.1 0.09834392 -0.01)
(0.15 0.09834392 -0.01)
(0.2 0.09834392 -0.01)
(0.25 0.09834392 -0.01)
(0.3 0.09834392 -0.01)
(0.35 0.09834392 -0.01)
(0.4 0.09834392 -0.01)
(0.45 0.09834392 -0.01)
(0.5 0.09834392 -0.01)
(0.55 0.09834392 -0.01)
(0.6 0.09834392 -0.01)
(0.65 0.09834392 -0.01)
(0.7 0.09834392 -0.01)
(0.75 0.09834392 -0.01)
(0.8 0.09834392 -0.01)
(0.85 0.09834392 -0.01)
(0.9 0.09834392 -0.01)
(0.95 0.09834392 -0.01)
(0.05 0.08595037 -0.01)
(0.1 0.08595037 -0.01)
(0.15 0.08595037 -0.01)
(0.2 0.08595037 -0.01)
(0.25 0.08595037 -0.01)
(0.3 0.08595037 -0.01)
(0.35 0.08595037 -0.01)
(0.4 0.08595037 -0.01)
(0.45 0.08595037 -0.01)
(0.5 0.08595037 -0.01)
(0.55 0.08595037 -0.01)
(0.6 0.08595037 -0.01)
(0.65 0.08595037 -0.01)
(0.7 0.08595037 -0.01)
(0.75 0.08595037 -0.01)
(0.8 0.08595037 -0.01)
(0.85 0.08595037 -0.01)
(0.9 0.08595037 -0.01)
(0.95 0.08595037 -0.01)
(0.05 0.07217975 -0.01)
(0.1 0.07217975 -0.01)
(0.15 0.07217975 -0.01)
(0.2 0.07217975 -0.01)
(0.25 0.07217976 -0.01)
(0.3 0.07217976 -0.01)
(0.35 0.07217976 -0.01)
(0.4 0.07217976 -0.01)
(0.45 0.07217976 -0.01)
(0.5 0.07217976 -0.01)
(0.55 0.07217976 -0.01)
(0.6 0.07217976 -0.01)
(0.65 0.07217976 -0.01)
(0.7 0.07217976 -0.01)
(0.75 0.07217976 -0.01)
(0.8 0.07217976 -0.01)
(0.85 0.07217976 -0.01)
(0.9 0.07217976 -0.01)
(0.95 0.07217976 -0.01)
(0.05 0.05687907 -0.01)
(0.1 0.05687907 -0.01)
(0.15 0.05687907 -0.01)
(0.2 0.05687907 -0.01)
(0.25 0.05687907 -0.01)
(0.3 0.05687907 -0.01)
(0.35 0.05687907 -0.01)
(0.4 0.05687907 -0.01)
(0.45 0.05687907 -0.01)
(0.5 0.05687908 -0.01)
(0.55 0.05687908 -0.01)
(0.6 0.05687908 -0.01)
(0.65 0.05687908 -0.01)
(0.7 0.05687908 -0.01)
(0.75 0.05687908 -0.01)
(0.8 0.05687908 -0.01)
(0.85 0.05687908 -0.01)
(0.9 0.05687908 -0.01)
(0.95 0.05687908 -0.01)
(0.05 0.03987832 -0.01)
(0.1 0.03987832 -0.01)
(0.15 0.03987832 -0.01)
(0.2 0.03987832 -0.01)
(0.25 0.03987832 -0.01)
(0.3 0.03987832 -0.01)
(0.35 0.03987832 -0.01)
(0.4 0.03987832 -0.01)
(0.45 0.03987832 -0.01)
(0.5 0.03987832 -0.01)
(0.55 0.03987832 -0.01)
(0.6 0.03987832 -0.01)
(0.65 0.03987832 -0.01)
(0.7 0.03987832 -0.01)
(0.75 0.03987832 -0.01)
(0.8 0.03987832 -0.01)
(0.85 0.03987832 -0.01)
(0.9 0.03987832 -0.01)
(0.95 0.03987832 -0.01)
(0.05 0.02098859 -0.01)
(0.1 0.02098859 -0.01)
(0.15 0.02098859 -0.01)
(0.2 0.02098859 -0.01)
(0.25 0.02098859 -0.01)
(0.3 0.02098859 -0.01)
(0.35 0.02098859 -0.01)
(0.4 0.02098859 -0.01)
(0.45 0.02098859 -0.01)
(0.5 0.02098859 -0.01)
(0.55 0.02098859 -0.01)
(0.6 0.02098859 -0.01)
(0.65 0.02098859 -0.01)
(0.7 0.02098859 -0.01)
(0.75 0.02098859 -0.01)
(0.8 0.02098859 -0.01)
(0.85 0.02098859 -0.01)
(0.9 0.02098859 -0.01)
(0.95 0.02098859 -0.01)
)


// ************************************************************************* //
