/*--------------------------------*- C++ -*----------------------------------*\
| =========                 |                                                 |
| \\      /  F ield         | OpenFOAM: The Open Source CFD Toolbox           |
|  \\    /   O peration     | Version:  v1606                                 |
|   \\  /    A nd           | Web:      www.OpenFOAM.com                      |
|    \\/     M anipulation  |                                                 |
\*---------------------------------------------------------------------------*/
FoamFile
{
    version     2.0;
    format      ascii;
    class       faceList;
    location    "constant/air/polyMesh";
    object      faces;
}
// * * * * * * * * * * * * * * * * * * * * * * * * * * * * * * * * * * * * * //


2369
(
4(196 728 195 54)
4(196 55 102 728)
4(197 729 194 53)
4(197 196 728 729)
4(198 730 193 52)
4(198 197 729 730)
4(199 731 192 51)
4(199 198 730 731)
4(200 732 191 50)
4(200 199 731 732)
4(201 733 190 49)
4(201 200 732 733)
4(202 734 189 48)
4(202 201 733 734)
4(203 735 188 47)
4(203 202 734 735)
4(204 736 187 46)
4(204 203 735 736)
4(205 737 186 45)
4(205 204 736 737)
4(206 738 185 44)
4(206 205 737 738)
4(207 739 184 43)
4(207 206 738 739)
4(208 740 183 42)
4(208 207 739 740)
4(209 741 182 41)
4(209 208 740 741)
4(210 742 181 40)
4(210 209 741 742)
4(211 743 180 39)
4(211 210 742 743)
4(212 744 179 38)
4(212 211 743 744)
4(213 745 178 37)
4(213 212 744 745)
4(214 746 177 36)
4(214 213 745 746)
4(215 747 176 35)
4(215 214 746 747)
4(216 748 175 34)
4(216 215 747 748)
4(217 749 174 33)
4(217 216 748 749)
4(218 750 173 32)
4(218 217 749 750)
4(219 751 172 31)
4(219 218 750 751)
4(220 752 171 30)
4(220 219 751 752)
4(221 753 170 29)
4(221 220 752 753)
4(222 754 169 28)
4(222 221 753 754)
4(223 755 168 27)
4(223 222 754 755)
4(8 223 755 167)
4(224 756 728 196)
4(224 56 103 756)
4(225 757 729 197)
4(225 224 756 757)
4(226 758 730 198)
4(226 225 757 758)
4(227 759 731 199)
4(227 226 758 759)
4(228 760 732 200)
4(228 227 759 760)
4(229 761 733 201)
4(229 228 760 761)
4(230 762 734 202)
4(230 229 761 762)
4(231 763 735 203)
4(231 230 762 763)
4(232 764 736 204)
4(232 231 763 764)
4(233 765 737 205)
4(233 232 764 765)
4(234 766 738 206)
4(234 233 765 766)
4(235 767 739 207)
4(235 234 766 767)
4(236 768 740 208)
4(236 235 767 768)
4(237 769 741 209)
4(237 236 768 769)
4(238 770 742 210)
4(238 237 769 770)
4(239 771 743 211)
4(239 238 770 771)
4(240 772 744 212)
4(240 239 771 772)
4(241 773 745 213)
4(241 240 772 773)
4(242 774 746 214)
4(242 241 773 774)
4(243 775 747 215)
4(243 242 774 775)
4(244 776 748 216)
4(244 243 775 776)
4(245 777 749 217)
4(245 244 776 777)
4(246 778 750 218)
4(246 245 777 778)
4(247 779 751 219)
4(247 246 778 779)
4(248 780 752 220)
4(248 247 779 780)
4(249 781 753 221)
4(249 248 780 781)
4(250 782 754 222)
4(250 249 781 782)
4(251 783 755 223)
4(251 250 782 783)
4(9 251 783 166)
4(252 784 756 224)
4(252 57 104 784)
4(253 785 757 225)
4(253 252 784 785)
4(254 786 758 226)
4(254 253 785 786)
4(255 787 759 227)
4(255 254 786 787)
4(256 788 760 228)
4(256 255 787 788)
4(257 789 761 229)
4(257 256 788 789)
4(258 790 762 230)
4(258 257 789 790)
4(259 791 763 231)
4(259 258 790 791)
4(260 792 764 232)
4(260 259 791 792)
4(261 793 765 233)
4(261 260 792 793)
4(262 794 766 234)
4(262 261 793 794)
4(263 795 767 235)
4(263 262 794 795)
4(264 796 768 236)
4(264 263 795 796)
4(265 797 769 237)
4(265 264 796 797)
4(266 798 770 238)
4(266 265 797 798)
4(267 799 771 239)
4(267 266 798 799)
4(268 800 772 240)
4(268 267 799 800)
4(269 801 773 241)
4(269 268 800 801)
4(270 802 774 242)
4(270 269 801 802)
4(271 803 775 243)
4(271 270 802 803)
4(272 804 776 244)
4(272 271 803 804)
4(273 805 777 245)
4(273 272 804 805)
4(274 806 778 246)
4(274 273 805 806)
4(275 807 779 247)
4(275 274 806 807)
4(276 808 780 248)
4(276 275 807 808)
4(277 809 781 249)
4(277 276 808 809)
4(278 810 782 250)
4(278 277 809 810)
4(279 811 783 251)
4(279 278 810 811)
4(10 279 811 165)
4(280 812 784 252)
4(280 58 105 812)
4(281 813 785 253)
4(281 280 812 813)
4(282 814 786 254)
4(282 281 813 814)
4(283 815 787 255)
4(283 282 814 815)
4(284 816 788 256)
4(284 283 815 816)
4(285 817 789 257)
4(285 284 816 817)
4(286 818 790 258)
4(286 285 817 818)
4(287 819 791 259)
4(287 286 818 819)
4(288 820 792 260)
4(288 287 819 820)
4(289 821 793 261)
4(289 288 820 821)
4(290 822 794 262)
4(290 289 821 822)
4(291 823 795 263)
4(291 290 822 823)
4(292 824 796 264)
4(292 291 823 824)
4(293 825 797 265)
4(293 292 824 825)
4(294 826 798 266)
4(294 293 825 826)
4(295 827 799 267)
4(295 294 826 827)
4(296 828 800 268)
4(296 295 827 828)
4(297 829 801 269)
4(297 296 828 829)
4(298 830 802 270)
4(298 297 829 830)
4(299 831 803 271)
4(299 298 830 831)
4(300 832 804 272)
4(300 299 831 832)
4(301 833 805 273)
4(301 300 832 833)
4(302 834 806 274)
4(302 301 833 834)
4(303 835 807 275)
4(303 302 834 835)
4(304 836 808 276)
4(304 303 835 836)
4(305 837 809 277)
4(305 304 836 837)
4(306 838 810 278)
4(306 305 837 838)
4(307 839 811 279)
4(307 306 838 839)
4(11 307 839 164)
4(308 840 812 280)
4(308 59 106 840)
4(309 841 813 281)
4(309 308 840 841)
4(310 842 814 282)
4(310 309 841 842)
4(311 843 815 283)
4(311 310 842 843)
4(312 844 816 284)
4(312 311 843 844)
4(313 845 817 285)
4(313 312 844 845)
4(314 846 818 286)
4(314 313 845 846)
4(315 847 819 287)
4(315 314 846 847)
4(316 848 820 288)
4(316 315 847 848)
4(317 849 821 289)
4(317 316 848 849)
4(318 850 822 290)
4(318 317 849 850)
4(319 851 823 291)
4(319 318 850 851)
4(320 852 824 292)
4(320 319 851 852)
4(321 853 825 293)
4(321 320 852 853)
4(322 854 826 294)
4(322 321 853 854)
4(323 855 827 295)
4(323 322 854 855)
4(324 856 828 296)
4(324 323 855 856)
4(325 857 829 297)
4(325 324 856 857)
4(326 858 830 298)
4(326 325 857 858)
4(327 859 831 299)
4(327 326 858 859)
4(328 860 832 300)
4(328 327 859 860)
4(329 861 833 301)
4(329 328 860 861)
4(330 862 834 302)
4(330 329 861 862)
4(331 863 835 303)
4(331 330 862 863)
4(332 864 836 304)
4(332 331 863 864)
4(333 865 837 305)
4(333 332 864 865)
4(334 866 838 306)
4(334 333 865 866)
4(335 867 839 307)
4(335 334 866 867)
4(12 335 867 163)
4(336 868 840 308)
4(336 60 107 868)
4(337 869 841 309)
4(337 336 868 869)
4(338 870 842 310)
4(338 337 869 870)
4(339 871 843 311)
4(339 338 870 871)
4(340 872 844 312)
4(340 339 871 872)
4(341 873 845 313)
4(341 340 872 873)
4(342 874 846 314)
4(342 341 873 874)
4(343 875 847 315)
4(343 342 874 875)
4(344 876 848 316)
4(344 343 875 876)
4(345 877 849 317)
4(345 344 876 877)
4(346 878 850 318)
4(346 345 877 878)
4(347 879 851 319)
4(347 346 878 879)
4(348 880 852 320)
4(348 347 879 880)
4(349 881 853 321)
4(349 348 880 881)
4(350 882 854 322)
4(350 349 881 882)
4(351 883 855 323)
4(351 350 882 883)
4(352 884 856 324)
4(352 351 883 884)
4(353 885 857 325)
4(353 352 884 885)
4(354 886 858 326)
4(354 353 885 886)
4(355 887 859 327)
4(355 354 886 887)
4(356 888 860 328)
4(356 355 887 888)
4(357 889 861 329)
4(357 356 888 889)
4(358 890 862 330)
4(358 357 889 890)
4(359 891 863 331)
4(359 358 890 891)
4(360 892 864 332)
4(360 359 891 892)
4(361 893 865 333)
4(361 360 892 893)
4(362 894 866 334)
4(362 361 893 894)
4(363 895 867 335)
4(363 362 894 895)
4(13 363 895 162)
4(364 896 868 336)
4(364 61 108 896)
4(365 897 869 337)
4(365 364 896 897)
4(366 898 870 338)
4(366 365 897 898)
4(367 899 871 339)
4(367 366 898 899)
4(368 900 872 340)
4(368 367 899 900)
4(369 901 873 341)
4(369 368 900 901)
4(370 902 874 342)
4(370 369 901 902)
4(371 903 875 343)
4(371 370 902 903)
4(372 904 876 344)
4(372 371 903 904)
4(373 905 877 345)
4(373 372 904 905)
4(374 906 878 346)
4(374 373 905 906)
4(375 907 879 347)
4(375 374 906 907)
4(376 908 880 348)
4(376 375 907 908)
4(377 909 881 349)
4(377 376 908 909)
4(378 910 882 350)
4(378 377 909 910)
4(379 911 883 351)
4(379 378 910 911)
4(380 912 884 352)
4(380 379 911 912)
4(381 913 885 353)
4(381 380 912 913)
4(382 914 886 354)
4(382 381 913 914)
4(383 915 887 355)
4(383 382 914 915)
4(384 916 888 356)
4(384 383 915 916)
4(385 917 889 357)
4(385 384 916 917)
4(386 918 890 358)
4(386 385 917 918)
4(387 919 891 359)
4(387 386 918 919)
4(388 920 892 360)
4(388 387 919 920)
4(389 921 893 361)
4(389 388 920 921)
4(390 922 894 362)
4(390 389 921 922)
4(391 923 895 363)
4(391 390 922 923)
4(14 391 923 161)
4(392 924 896 364)
4(392 62 109 924)
4(393 925 897 365)
4(393 392 924 925)
4(394 926 898 366)
4(394 393 925 926)
4(395 927 899 367)
4(395 394 926 927)
4(396 928 900 368)
4(396 395 927 928)
4(397 929 901 369)
4(397 396 928 929)
4(398 930 902 370)
4(398 397 929 930)
4(399 931 903 371)
4(399 398 930 931)
4(400 932 904 372)
4(400 399 931 932)
4(401 933 905 373)
4(401 400 932 933)
4(402 934 906 374)
4(402 401 933 934)
4(403 935 907 375)
4(403 402 934 935)
4(404 936 908 376)
4(404 403 935 936)
4(405 937 909 377)
4(405 404 936 937)
4(406 938 910 378)
4(406 405 937 938)
4(407 939 911 379)
4(407 406 938 939)
4(408 940 912 380)
4(408 407 939 940)
4(409 941 913 381)
4(409 408 940 941)
4(410 942 914 382)
4(410 409 941 942)
4(411 943 915 383)
4(411 410 942 943)
4(412 944 916 384)
4(412 411 943 944)
4(413 945 917 385)
4(413 412 944 945)
4(414 946 918 386)
4(414 413 945 946)
4(415 947 919 387)
4(415 414 946 947)
4(416 948 920 388)
4(416 415 947 948)
4(417 949 921 389)
4(417 416 948 949)
4(418 950 922 390)
4(418 417 949 950)
4(419 951 923 391)
4(419 418 950 951)
4(15 419 951 160)
4(420 952 924 392)
4(420 63 110 952)
4(421 953 925 393)
4(421 420 952 953)
4(422 954 926 394)
4(422 421 953 954)
4(423 955 927 395)
4(423 422 954 955)
4(424 956 928 396)
4(424 423 955 956)
4(425 957 929 397)
4(425 424 956 957)
4(426 958 930 398)
4(426 425 957 958)
4(427 959 931 399)
4(427 426 958 959)
4(428 960 932 400)
4(428 427 959 960)
4(429 961 933 401)
4(429 428 960 961)
4(430 962 934 402)
4(430 429 961 962)
4(431 963 935 403)
4(431 430 962 963)
4(432 964 936 404)
4(432 431 963 964)
4(433 965 937 405)
4(433 432 964 965)
4(434 966 938 406)
4(434 433 965 966)
4(435 967 939 407)
4(435 434 966 967)
4(436 968 940 408)
4(436 435 967 968)
4(437 969 941 409)
4(437 436 968 969)
4(438 970 942 410)
4(438 437 969 970)
4(439 971 943 411)
4(439 438 970 971)
4(440 972 944 412)
4(440 439 971 972)
4(441 973 945 413)
4(441 440 972 973)
4(442 974 946 414)
4(442 441 973 974)
4(443 975 947 415)
4(443 442 974 975)
4(444 976 948 416)
4(444 443 975 976)
4(445 977 949 417)
4(445 444 976 977)
4(446 978 950 418)
4(446 445 977 978)
4(447 979 951 419)
4(447 446 978 979)
4(16 447 979 159)
4(448 980 952 420)
4(448 64 111 980)
4(449 981 953 421)
4(449 448 980 981)
4(450 982 954 422)
4(450 449 981 982)
4(451 983 955 423)
4(451 450 982 983)
4(452 984 956 424)
4(452 451 983 984)
4(453 985 957 425)
4(453 452 984 985)
4(454 986 958 426)
4(454 453 985 986)
4(455 987 959 427)
4(455 454 986 987)
4(456 988 960 428)
4(456 455 987 988)
4(457 989 961 429)
4(457 456 988 989)
4(458 990 962 430)
4(458 457 989 990)
4(459 991 963 431)
4(459 458 990 991)
4(460 992 964 432)
4(460 459 991 992)
4(461 993 965 433)
4(461 460 992 993)
4(462 994 966 434)
4(462 461 993 994)
4(463 995 967 435)
4(463 462 994 995)
4(464 996 968 436)
4(464 463 995 996)
4(465 997 969 437)
4(465 464 996 997)
4(466 998 970 438)
4(466 465 997 998)
4(467 999 971 439)
4(467 466 998 999)
4(468 1000 972 440)
4(468 467 999 1000)
4(469 1001 973 441)
4(469 468 1000 1001)
4(470 1002 974 442)
4(470 469 1001 1002)
4(471 1003 975 443)
4(471 470 1002 1003)
4(472 1004 976 444)
4(472 471 1003 1004)
4(473 1005 977 445)
4(473 472 1004 1005)
4(474 1006 978 446)
4(474 473 1005 1006)
4(475 1007 979 447)
4(475 474 1006 1007)
4(17 475 1007 158)
4(476 1008 980 448)
4(476 65 112 1008)
4(477 1009 981 449)
4(477 476 1008 1009)
4(478 1010 982 450)
4(478 477 1009 1010)
4(479 1011 983 451)
4(479 478 1010 1011)
4(480 1012 984 452)
4(480 479 1011 1012)
4(481 1013 985 453)
4(481 480 1012 1013)
4(482 1014 986 454)
4(482 481 1013 1014)
4(483 1015 987 455)
4(483 482 1014 1015)
4(484 1016 988 456)
4(484 483 1015 1016)
4(485 1017 989 457)
4(485 484 1016 1017)
4(486 1018 990 458)
4(486 485 1017 1018)
4(487 1019 991 459)
4(487 486 1018 1019)
4(488 1020 992 460)
4(488 487 1019 1020)
4(489 1021 993 461)
4(489 488 1020 1021)
4(490 1022 994 462)
4(490 489 1021 1022)
4(491 1023 995 463)
4(491 490 1022 1023)
4(492 1024 996 464)
4(492 491 1023 1024)
4(493 1025 997 465)
4(493 492 1024 1025)
4(494 1026 998 466)
4(494 493 1025 1026)
4(495 1027 999 467)
4(495 494 1026 1027)
4(496 1028 1000 468)
4(496 495 1027 1028)
4(497 1029 1001 469)
4(497 496 1028 1029)
4(498 1030 1002 470)
4(498 497 1029 1030)
4(499 1031 1003 471)
4(499 498 1030 1031)
4(500 1032 1004 472)
4(500 499 1031 1032)
4(501 1033 1005 473)
4(501 500 1032 1033)
4(502 1034 1006 474)
4(502 501 1033 1034)
4(503 1035 1007 475)
4(503 502 1034 1035)
4(18 503 1035 157)
4(504 1036 1008 476)
4(504 66 113 1036)
4(505 1037 1009 477)
4(505 504 1036 1037)
4(506 1038 1010 478)
4(506 505 1037 1038)
4(507 1039 1011 479)
4(507 506 1038 1039)
4(508 1040 1012 480)
4(508 507 1039 1040)
4(509 1041 1013 481)
4(509 508 1040 1041)
4(510 1042 1014 482)
4(510 509 1041 1042)
4(511 1043 1015 483)
4(511 510 1042 1043)
4(512 1044 1016 484)
4(512 511 1043 1044)
4(513 1045 1017 485)
4(513 512 1044 1045)
4(514 1046 1018 486)
4(514 513 1045 1046)
4(515 1047 1019 487)
4(515 514 1046 1047)
4(516 1048 1020 488)
4(516 515 1047 1048)
4(517 1049 1021 489)
4(517 516 1048 1049)
4(518 1050 1022 490)
4(518 517 1049 1050)
4(519 1051 1023 491)
4(519 518 1050 1051)
4(520 1052 1024 492)
4(520 519 1051 1052)
4(521 1053 1025 493)
4(521 520 1052 1053)
4(522 1054 1026 494)
4(522 521 1053 1054)
4(523 1055 1027 495)
4(523 522 1054 1055)
4(524 1056 1028 496)
4(524 523 1055 1056)
4(525 1057 1029 497)
4(525 524 1056 1057)
4(526 1058 1030 498)
4(526 525 1057 1058)
4(527 1059 1031 499)
4(527 526 1058 1059)
4(528 1060 1032 500)
4(528 527 1059 1060)
4(529 1061 1033 501)
4(529 528 1060 1061)
4(530 1062 1034 502)
4(530 529 1061 1062)
4(531 1063 1035 503)
4(531 530 1062 1063)
4(19 531 1063 156)
4(532 1064 1036 504)
4(532 67 114 1064)
4(533 1065 1037 505)
4(533 532 1064 1065)
4(534 1066 1038 506)
4(534 533 1065 1066)
4(535 1067 1039 507)
4(535 534 1066 1067)
4(536 1068 1040 508)
4(536 535 1067 1068)
4(537 1069 1041 509)
4(537 536 1068 1069)
4(538 1070 1042 510)
4(538 537 1069 1070)
4(539 1071 1043 511)
4(539 538 1070 1071)
4(540 1072 1044 512)
4(540 539 1071 1072)
4(541 1073 1045 513)
4(541 540 1072 1073)
4(542 1074 1046 514)
4(542 541 1073 1074)
4(543 1075 1047 515)
4(543 542 1074 1075)
4(544 1076 1048 516)
4(544 543 1075 1076)
4(545 1077 1049 517)
4(545 544 1076 1077)
4(546 1078 1050 518)
4(546 545 1077 1078)
4(547 1079 1051 519)
4(547 546 1078 1079)
4(548 1080 1052 520)
4(548 547 1079 1080)
4(549 1081 1053 521)
4(549 548 1080 1081)
4(550 1082 1054 522)
4(550 549 1081 1082)
4(551 1083 1055 523)
4(551 550 1082 1083)
4(552 1084 1056 524)
4(552 551 1083 1084)
4(553 1085 1057 525)
4(553 552 1084 1085)
4(554 1086 1058 526)
4(554 553 1085 1086)
4(555 1087 1059 527)
4(555 554 1086 1087)
4(556 1088 1060 528)
4(556 555 1087 1088)
4(557 1089 1061 529)
4(557 556 1088 1089)
4(558 1090 1062 530)
4(558 557 1089 1090)
4(559 1091 1063 531)
4(559 558 1090 1091)
4(20 559 1091 155)
4(560 1092 1064 532)
4(560 68 115 1092)
4(561 1093 1065 533)
4(561 560 1092 1093)
4(562 1094 1066 534)
4(562 561 1093 1094)
4(563 1095 1067 535)
4(563 562 1094 1095)
4(564 1096 1068 536)
4(564 563 1095 1096)
4(565 1097 1069 537)
4(565 564 1096 1097)
4(566 1098 1070 538)
4(566 565 1097 1098)
4(567 1099 1071 539)
4(567 566 1098 1099)
4(568 1100 1072 540)
4(568 567 1099 1100)
4(569 1101 1073 541)
4(569 568 1100 1101)
4(570 1102 1074 542)
4(570 569 1101 1102)
4(571 1103 1075 543)
4(571 570 1102 1103)
4(572 1104 1076 544)
4(572 571 1103 1104)
4(573 1105 1077 545)
4(573 572 1104 1105)
4(574 1106 1078 546)
4(574 573 1105 1106)
4(575 1107 1079 547)
4(575 574 1106 1107)
4(576 1108 1080 548)
4(576 575 1107 1108)
4(577 1109 1081 549)
4(577 576 1108 1109)
4(578 1110 1082 550)
4(578 577 1109 1110)
4(579 1111 1083 551)
4(579 578 1110 1111)
4(580 1112 1084 552)
4(580 579 1111 1112)
4(581 1113 1085 553)
4(581 580 1112 1113)
4(582 1114 1086 554)
4(582 581 1113 1114)
4(583 1115 1087 555)
4(583 582 1114 1115)
4(584 1116 1088 556)
4(584 583 1115 1116)
4(585 1117 1089 557)
4(585 584 1116 1117)
4(586 1118 1090 558)
4(586 585 1117 1118)
4(587 1119 1091 559)
4(587 586 1118 1119)
4(21 587 1119 154)
4(588 1120 1092 560)
4(588 69 116 1120)
4(589 1121 1093 561)
4(589 588 1120 1121)
4(590 1122 1094 562)
4(590 589 1121 1122)
4(591 1123 1095 563)
4(591 590 1122 1123)
4(592 1124 1096 564)
4(592 591 1123 1124)
4(593 1125 1097 565)
4(593 592 1124 1125)
4(594 1126 1098 566)
4(594 593 1125 1126)
4(595 1127 1099 567)
4(595 594 1126 1127)
4(596 1128 1100 568)
4(596 595 1127 1128)
4(597 1129 1101 569)
4(597 596 1128 1129)
4(598 1130 1102 570)
4(598 597 1129 1130)
4(599 1131 1103 571)
4(599 598 1130 1131)
4(600 1132 1104 572)
4(600 599 1131 1132)
4(601 1133 1105 573)
4(601 600 1132 1133)
4(602 1134 1106 574)
4(602 601 1133 1134)
4(603 1135 1107 575)
4(603 602 1134 1135)
4(604 1136 1108 576)
4(604 603 1135 1136)
4(605 1137 1109 577)
4(605 604 1136 1137)
4(606 1138 1110 578)
4(606 605 1137 1138)
4(607 1139 1111 579)
4(607 606 1138 1139)
4(608 1140 1112 580)
4(608 607 1139 1140)
4(609 1141 1113 581)
4(609 608 1140 1141)
4(610 1142 1114 582)
4(610 609 1141 1142)
4(611 1143 1115 583)
4(611 610 1142 1143)
4(612 1144 1116 584)
4(612 611 1143 1144)
4(613 1145 1117 585)
4(613 612 1144 1145)
4(614 1146 1118 586)
4(614 613 1145 1146)
4(615 1147 1119 587)
4(615 614 1146 1147)
4(22 615 1147 153)
4(616 1148 1120 588)
4(616 70 117 1148)
4(617 1149 1121 589)
4(617 616 1148 1149)
4(618 1150 1122 590)
4(618 617 1149 1150)
4(619 1151 1123 591)
4(619 618 1150 1151)
4(620 1152 1124 592)
4(620 619 1151 1152)
4(621 1153 1125 593)
4(621 620 1152 1153)
4(622 1154 1126 594)
4(622 621 1153 1154)
4(623 1155 1127 595)
4(623 622 1154 1155)
4(624 1156 1128 596)
4(624 623 1155 1156)
4(625 1157 1129 597)
4(625 624 1156 1157)
4(626 1158 1130 598)
4(626 625 1157 1158)
4(627 1159 1131 599)
4(627 626 1158 1159)
4(628 1160 1132 600)
4(628 627 1159 1160)
4(629 1161 1133 601)
4(629 628 1160 1161)
4(630 1162 1134 602)
4(630 629 1161 1162)
4(631 1163 1135 603)
4(631 630 1162 1163)
4(632 1164 1136 604)
4(632 631 1163 1164)
4(633 1165 1137 605)
4(633 632 1164 1165)
4(634 1166 1138 606)
4(634 633 1165 1166)
4(635 1167 1139 607)
4(635 634 1166 1167)
4(636 1168 1140 608)
4(636 635 1167 1168)
4(637 1169 1141 609)
4(637 636 1168 1169)
4(638 1170 1142 610)
4(638 637 1169 1170)
4(639 1171 1143 611)
4(639 638 1170 1171)
4(640 1172 1144 612)
4(640 639 1171 1172)
4(641 1173 1145 613)
4(641 640 1172 1173)
4(642 1174 1146 614)
4(642 641 1173 1174)
4(643 1175 1147 615)
4(643 642 1174 1175)
4(23 643 1175 152)
4(644 1176 1148 616)
4(644 71 118 1176)
4(645 1177 1149 617)
4(645 644 1176 1177)
4(646 1178 1150 618)
4(646 645 1177 1178)
4(647 1179 1151 619)
4(647 646 1178 1179)
4(648 1180 1152 620)
4(648 647 1179 1180)
4(649 1181 1153 621)
4(649 648 1180 1181)
4(650 1182 1154 622)
4(650 649 1181 1182)
4(651 1183 1155 623)
4(651 650 1182 1183)
4(652 1184 1156 624)
4(652 651 1183 1184)
4(653 1185 1157 625)
4(653 652 1184 1185)
4(654 1186 1158 626)
4(654 653 1185 1186)
4(655 1187 1159 627)
4(655 654 1186 1187)
4(656 1188 1160 628)
4(656 655 1187 1188)
4(657 1189 1161 629)
4(657 656 1188 1189)
4(658 1190 1162 630)
4(658 657 1189 1190)
4(659 1191 1163 631)
4(659 658 1190 1191)
4(660 1192 1164 632)
4(660 659 1191 1192)
4(661 1193 1165 633)
4(661 660 1192 1193)
4(662 1194 1166 634)
4(662 661 1193 1194)
4(663 1195 1167 635)
4(663 662 1194 1195)
4(664 1196 1168 636)
4(664 663 1195 1196)
4(665 1197 1169 637)
4(665 664 1196 1197)
4(666 1198 1170 638)
4(666 665 1197 1198)
4(667 1199 1171 639)
4(667 666 1198 1199)
4(668 1200 1172 640)
4(668 667 1199 1200)
4(669 1201 1173 641)
4(669 668 1200 1201)
4(670 1202 1174 642)
4(670 669 1201 1202)
4(671 1203 1175 643)
4(671 670 1202 1203)
4(24 671 1203 151)
4(672 1204 1176 644)
4(672 72 119 1204)
4(673 1205 1177 645)
4(673 672 1204 1205)
4(674 1206 1178 646)
4(674 673 1205 1206)
4(675 1207 1179 647)
4(675 674 1206 1207)
4(676 1208 1180 648)
4(676 675 1207 1208)
4(677 1209 1181 649)
4(677 676 1208 1209)
4(678 1210 1182 650)
4(678 677 1209 1210)
4(679 1211 1183 651)
4(679 678 1210 1211)
4(680 1212 1184 652)
4(680 679 1211 1212)
4(681 1213 1185 653)
4(681 680 1212 1213)
4(682 1214 1186 654)
4(682 681 1213 1214)
4(683 1215 1187 655)
4(683 682 1214 1215)
4(684 1216 1188 656)
4(684 683 1215 1216)
4(685 1217 1189 657)
4(685 684 1216 1217)
4(686 1218 1190 658)
4(686 685 1217 1218)
4(687 1219 1191 659)
4(687 686 1218 1219)
4(688 1220 1192 660)
4(688 687 1219 1220)
4(689 1221 1193 661)
4(689 688 1220 1221)
4(690 1222 1194 662)
4(690 689 1221 1222)
4(691 1223 1195 663)
4(691 690 1222 1223)
4(692 1224 1196 664)
4(692 691 1223 1224)
4(693 1225 1197 665)
4(693 692 1224 1225)
4(694 1226 1198 666)
4(694 693 1225 1226)
4(695 1227 1199 667)
4(695 694 1226 1227)
4(696 1228 1200 668)
4(696 695 1227 1228)
4(697 1229 1201 669)
4(697 696 1228 1229)
4(698 1230 1202 670)
4(698 697 1229 1230)
4(699 1231 1203 671)
4(699 698 1230 1231)
4(25 699 1231 150)
4(700 1232 1204 672)
4(700 73 120 1232)
4(701 1233 1205 673)
4(701 700 1232 1233)
4(702 1234 1206 674)
4(702 701 1233 1234)
4(703 1235 1207 675)
4(703 702 1234 1235)
4(704 1236 1208 676)
4(704 703 1235 1236)
4(705 1237 1209 677)
4(705 704 1236 1237)
4(706 1238 1210 678)
4(706 705 1237 1238)
4(707 1239 1211 679)
4(707 706 1238 1239)
4(708 1240 1212 680)
4(708 707 1239 1240)
4(709 1241 1213 681)
4(709 708 1240 1241)
4(710 1242 1214 682)
4(710 709 1241 1242)
4(711 1243 1215 683)
4(711 710 1242 1243)
4(712 1244 1216 684)
4(712 711 1243 1244)
4(713 1245 1217 685)
4(713 712 1244 1245)
4(714 1246 1218 686)
4(714 713 1245 1246)
4(715 1247 1219 687)
4(715 714 1246 1247)
4(716 1248 1220 688)
4(716 715 1247 1248)
4(717 1249 1221 689)
4(717 716 1248 1249)
4(718 1250 1222 690)
4(718 717 1249 1250)
4(719 1251 1223 691)
4(719 718 1250 1251)
4(720 1252 1224 692)
4(720 719 1251 1252)
4(721 1253 1225 693)
4(721 720 1252 1253)
4(722 1254 1226 694)
4(722 721 1253 1254)
4(723 1255 1227 695)
4(723 722 1254 1255)
4(724 1256 1228 696)
4(724 723 1255 1256)
4(725 1257 1229 697)
4(725 724 1256 1257)
4(726 1258 1230 698)
4(726 725 1257 1258)
4(727 1259 1231 699)
4(727 726 1258 1259)
4(26 727 1259 149)
4(74 121 1232 700)
4(75 122 1233 701)
4(76 123 1234 702)
4(77 124 1235 703)
4(78 125 1236 704)
4(79 126 1237 705)
4(80 127 1238 706)
4(81 128 1239 707)
4(82 129 1240 708)
4(83 130 1241 709)
4(84 131 1242 710)
4(85 132 1243 711)
4(86 133 1244 712)
4(87 134 1245 713)
4(88 135 1246 714)
4(89 136 1247 715)
4(90 137 1248 716)
4(91 138 1249 717)
4(92 139 1250 718)
4(93 140 1251 719)
4(94 141 1252 720)
4(95 142 1253 721)
4(96 143 1254 722)
4(97 144 1255 723)
4(98 145 1256 724)
4(99 146 1257 725)
4(100 147 1258 726)
4(101 148 1259 727)
4(196 54 2 55)
4(728 102 4 195)
4(197 53 54 196)
4(729 728 195 194)
4(198 52 53 197)
4(730 729 194 193)
4(199 51 52 198)
4(731 730 193 192)
4(200 50 51 199)
4(732 731 192 191)
4(201 49 50 200)
4(733 732 191 190)
4(202 48 49 201)
4(734 733 190 189)
4(203 47 48 202)
4(735 734 189 188)
4(204 46 47 203)
4(736 735 188 187)
4(205 45 46 204)
4(737 736 187 186)
4(206 44 45 205)
4(738 737 186 185)
4(207 43 44 206)
4(739 738 185 184)
4(208 42 43 207)
4(740 739 184 183)
4(209 41 42 208)
4(741 740 183 182)
4(210 40 41 209)
4(742 741 182 181)
4(211 39 40 210)
4(743 742 181 180)
4(212 38 39 211)
4(744 743 180 179)
4(213 37 38 212)
4(745 744 179 178)
4(214 36 37 213)
4(746 745 178 177)
4(215 35 36 214)
4(747 746 177 176)
4(216 34 35 215)
4(748 747 176 175)
4(217 33 34 216)
4(749 748 175 174)
4(218 32 33 217)
4(750 749 174 173)
4(219 31 32 218)
4(751 750 173 172)
4(220 30 31 219)
4(752 751 172 171)
4(221 29 30 220)
4(753 752 171 170)
4(222 28 29 221)
4(754 753 170 169)
4(223 27 28 222)
4(755 754 169 168)
4(8 0 27 223)
4(167 755 168 7)
4(224 196 55 56)
4(756 103 102 728)
4(225 197 196 224)
4(757 756 728 729)
4(226 198 197 225)
4(758 757 729 730)
4(227 199 198 226)
4(759 758 730 731)
4(228 200 199 227)
4(760 759 731 732)
4(229 201 200 228)
4(761 760 732 733)
4(230 202 201 229)
4(762 761 733 734)
4(231 203 202 230)
4(763 762 734 735)
4(232 204 203 231)
4(764 763 735 736)
4(233 205 204 232)
4(765 764 736 737)
4(234 206 205 233)
4(766 765 737 738)
4(235 207 206 234)
4(767 766 738 739)
4(236 208 207 235)
4(768 767 739 740)
4(237 209 208 236)
4(769 768 740 741)
4(238 210 209 237)
4(770 769 741 742)
4(239 211 210 238)
4(771 770 742 743)
4(240 212 211 239)
4(772 771 743 744)
4(241 213 212 240)
4(773 772 744 745)
4(242 214 213 241)
4(774 773 745 746)
4(243 215 214 242)
4(775 774 746 747)
4(244 216 215 243)
4(776 775 747 748)
4(245 217 216 244)
4(777 776 748 749)
4(246 218 217 245)
4(778 777 749 750)
4(247 219 218 246)
4(779 778 750 751)
4(248 220 219 247)
4(780 779 751 752)
4(249 221 220 248)
4(781 780 752 753)
4(250 222 221 249)
4(782 781 753 754)
4(251 223 222 250)
4(783 782 754 755)
4(9 8 223 251)
4(166 783 755 167)
4(252 224 56 57)
4(784 104 103 756)
4(253 225 224 252)
4(785 784 756 757)
4(254 226 225 253)
4(786 785 757 758)
4(255 227 226 254)
4(787 786 758 759)
4(256 228 227 255)
4(788 787 759 760)
4(257 229 228 256)
4(789 788 760 761)
4(258 230 229 257)
4(790 789 761 762)
4(259 231 230 258)
4(791 790 762 763)
4(260 232 231 259)
4(792 791 763 764)
4(261 233 232 260)
4(793 792 764 765)
4(262 234 233 261)
4(794 793 765 766)
4(263 235 234 262)
4(795 794 766 767)
4(264 236 235 263)
4(796 795 767 768)
4(265 237 236 264)
4(797 796 768 769)
4(266 238 237 265)
4(798 797 769 770)
4(267 239 238 266)
4(799 798 770 771)
4(268 240 239 267)
4(800 799 771 772)
4(269 241 240 268)
4(801 800 772 773)
4(270 242 241 269)
4(802 801 773 774)
4(271 243 242 270)
4(803 802 774 775)
4(272 244 243 271)
4(804 803 775 776)
4(273 245 244 272)
4(805 804 776 777)
4(274 246 245 273)
4(806 805 777 778)
4(275 247 246 274)
4(807 806 778 779)
4(276 248 247 275)
4(808 807 779 780)
4(277 249 248 276)
4(809 808 780 781)
4(278 250 249 277)
4(810 809 781 782)
4(279 251 250 278)
4(811 810 782 783)
4(10 9 251 279)
4(165 811 783 166)
4(280 252 57 58)
4(812 105 104 784)
4(281 253 252 280)
4(813 812 784 785)
4(282 254 253 281)
4(814 813 785 786)
4(283 255 254 282)
4(815 814 786 787)
4(284 256 255 283)
4(816 815 787 788)
4(285 257 256 284)
4(817 816 788 789)
4(286 258 257 285)
4(818 817 789 790)
4(287 259 258 286)
4(819 818 790 791)
4(288 260 259 287)
4(820 819 791 792)
4(289 261 260 288)
4(821 820 792 793)
4(290 262 261 289)
4(822 821 793 794)
4(291 263 262 290)
4(823 822 794 795)
4(292 264 263 291)
4(824 823 795 796)
4(293 265 264 292)
4(825 824 796 797)
4(294 266 265 293)
4(826 825 797 798)
4(295 267 266 294)
4(827 826 798 799)
4(296 268 267 295)
4(828 827 799 800)
4(297 269 268 296)
4(829 828 800 801)
4(298 270 269 297)
4(830 829 801 802)
4(299 271 270 298)
4(831 830 802 803)
4(300 272 271 299)
4(832 831 803 804)
4(301 273 272 300)
4(833 832 804 805)
4(302 274 273 301)
4(834 833 805 806)
4(303 275 274 302)
4(835 834 806 807)
4(304 276 275 303)
4(836 835 807 808)
4(305 277 276 304)
4(837 836 808 809)
4(306 278 277 305)
4(838 837 809 810)
4(307 279 278 306)
4(839 838 810 811)
4(11 10 279 307)
4(164 839 811 165)
4(308 280 58 59)
4(840 106 105 812)
4(309 281 280 308)
4(841 840 812 813)
4(310 282 281 309)
4(842 841 813 814)
4(311 283 282 310)
4(843 842 814 815)
4(312 284 283 311)
4(844 843 815 816)
4(313 285 284 312)
4(845 844 816 817)
4(314 286 285 313)
4(846 845 817 818)
4(315 287 286 314)
4(847 846 818 819)
4(316 288 287 315)
4(848 847 819 820)
4(317 289 288 316)
4(849 848 820 821)
4(318 290 289 317)
4(850 849 821 822)
4(319 291 290 318)
4(851 850 822 823)
4(320 292 291 319)
4(852 851 823 824)
4(321 293 292 320)
4(853 852 824 825)
4(322 294 293 321)
4(854 853 825 826)
4(323 295 294 322)
4(855 854 826 827)
4(324 296 295 323)
4(856 855 827 828)
4(325 297 296 324)
4(857 856 828 829)
4(326 298 297 325)
4(858 857 829 830)
4(327 299 298 326)
4(859 858 830 831)
4(328 300 299 327)
4(860 859 831 832)
4(329 301 300 328)
4(861 860 832 833)
4(330 302 301 329)
4(862 861 833 834)
4(331 303 302 330)
4(863 862 834 835)
4(332 304 303 331)
4(864 863 835 836)
4(333 305 304 332)
4(865 864 836 837)
4(334 306 305 333)
4(866 865 837 838)
4(335 307 306 334)
4(867 866 838 839)
4(12 11 307 335)
4(163 867 839 164)
4(336 308 59 60)
4(868 107 106 840)
4(337 309 308 336)
4(869 868 840 841)
4(338 310 309 337)
4(870 869 841 842)
4(339 311 310 338)
4(871 870 842 843)
4(340 312 311 339)
4(872 871 843 844)
4(341 313 312 340)
4(873 872 844 845)
4(342 314 313 341)
4(874 873 845 846)
4(343 315 314 342)
4(875 874 846 847)
4(344 316 315 343)
4(876 875 847 848)
4(345 317 316 344)
4(877 876 848 849)
4(346 318 317 345)
4(878 877 849 850)
4(347 319 318 346)
4(879 878 850 851)
4(348 320 319 347)
4(880 879 851 852)
4(349 321 320 348)
4(881 880 852 853)
4(350 322 321 349)
4(882 881 853 854)
4(351 323 322 350)
4(883 882 854 855)
4(352 324 323 351)
4(884 883 855 856)
4(353 325 324 352)
4(885 884 856 857)
4(354 326 325 353)
4(886 885 857 858)
4(355 327 326 354)
4(887 886 858 859)
4(356 328 327 355)
4(888 887 859 860)
4(357 329 328 356)
4(889 888 860 861)
4(358 330 329 357)
4(890 889 861 862)
4(359 331 330 358)
4(891 890 862 863)
4(360 332 331 359)
4(892 891 863 864)
4(361 333 332 360)
4(893 892 864 865)
4(362 334 333 361)
4(894 893 865 866)
4(363 335 334 362)
4(895 894 866 867)
4(13 12 335 363)
4(162 895 867 163)
4(364 336 60 61)
4(896 108 107 868)
4(365 337 336 364)
4(897 896 868 869)
4(366 338 337 365)
4(898 897 869 870)
4(367 339 338 366)
4(899 898 870 871)
4(368 340 339 367)
4(900 899 871 872)
4(369 341 340 368)
4(901 900 872 873)
4(370 342 341 369)
4(902 901 873 874)
4(371 343 342 370)
4(903 902 874 875)
4(372 344 343 371)
4(904 903 875 876)
4(373 345 344 372)
4(905 904 876 877)
4(374 346 345 373)
4(906 905 877 878)
4(375 347 346 374)
4(907 906 878 879)
4(376 348 347 375)
4(908 907 879 880)
4(377 349 348 376)
4(909 908 880 881)
4(378 350 349 377)
4(910 909 881 882)
4(379 351 350 378)
4(911 910 882 883)
4(380 352 351 379)
4(912 911 883 884)
4(381 353 352 380)
4(913 912 884 885)
4(382 354 353 381)
4(914 913 885 886)
4(383 355 354 382)
4(915 914 886 887)
4(384 356 355 383)
4(916 915 887 888)
4(385 357 356 384)
4(917 916 888 889)
4(386 358 357 385)
4(918 917 889 890)
4(387 359 358 386)
4(919 918 890 891)
4(388 360 359 387)
4(920 919 891 892)
4(389 361 360 388)
4(921 920 892 893)
4(390 362 361 389)
4(922 921 893 894)
4(391 363 362 390)
4(923 922 894 895)
4(14 13 363 391)
4(161 923 895 162)
4(392 364 61 62)
4(924 109 108 896)
4(393 365 364 392)
4(925 924 896 897)
4(394 366 365 393)
4(926 925 897 898)
4(395 367 366 394)
4(927 926 898 899)
4(396 368 367 395)
4(928 927 899 900)
4(397 369 368 396)
4(929 928 900 901)
4(398 370 369 397)
4(930 929 901 902)
4(399 371 370 398)
4(931 930 902 903)
4(400 372 371 399)
4(932 931 903 904)
4(401 373 372 400)
4(933 932 904 905)
4(402 374 373 401)
4(934 933 905 906)
4(403 375 374 402)
4(935 934 906 907)
4(404 376 375 403)
4(936 935 907 908)
4(405 377 376 404)
4(937 936 908 909)
4(406 378 377 405)
4(938 937 909 910)
4(407 379 378 406)
4(939 938 910 911)
4(408 380 379 407)
4(940 939 911 912)
4(409 381 380 408)
4(941 940 912 913)
4(410 382 381 409)
4(942 941 913 914)
4(411 383 382 410)
4(943 942 914 915)
4(412 384 383 411)
4(944 943 915 916)
4(413 385 384 412)
4(945 944 916 917)
4(414 386 385 413)
4(946 945 917 918)
4(415 387 386 414)
4(947 946 918 919)
4(416 388 387 415)
4(948 947 919 920)
4(417 389 388 416)
4(949 948 920 921)
4(418 390 389 417)
4(950 949 921 922)
4(419 391 390 418)
4(951 950 922 923)
4(15 14 391 419)
4(160 951 923 161)
4(420 392 62 63)
4(952 110 109 924)
4(421 393 392 420)
4(953 952 924 925)
4(422 394 393 421)
4(954 953 925 926)
4(423 395 394 422)
4(955 954 926 927)
4(424 396 395 423)
4(956 955 927 928)
4(425 397 396 424)
4(957 956 928 929)
4(426 398 397 425)
4(958 957 929 930)
4(427 399 398 426)
4(959 958 930 931)
4(428 400 399 427)
4(960 959 931 932)
4(429 401 400 428)
4(961 960 932 933)
4(430 402 401 429)
4(962 961 933 934)
4(431 403 402 430)
4(963 962 934 935)
4(432 404 403 431)
4(964 963 935 936)
4(433 405 404 432)
4(965 964 936 937)
4(434 406 405 433)
4(966 965 937 938)
4(435 407 406 434)
4(967 966 938 939)
4(436 408 407 435)
4(968 967 939 940)
4(437 409 408 436)
4(969 968 940 941)
4(438 410 409 437)
4(970 969 941 942)
4(439 411 410 438)
4(971 970 942 943)
4(440 412 411 439)
4(972 971 943 944)
4(441 413 412 440)
4(973 972 944 945)
4(442 414 413 441)
4(974 973 945 946)
4(443 415 414 442)
4(975 974 946 947)
4(444 416 415 443)
4(976 975 947 948)
4(445 417 416 444)
4(977 976 948 949)
4(446 418 417 445)
4(978 977 949 950)
4(447 419 418 446)
4(979 978 950 951)
4(16 15 419 447)
4(159 979 951 160)
4(448 420 63 64)
4(980 111 110 952)
4(449 421 420 448)
4(981 980 952 953)
4(450 422 421 449)
4(982 981 953 954)
4(451 423 422 450)
4(983 982 954 955)
4(452 424 423 451)
4(984 983 955 956)
4(453 425 424 452)
4(985 984 956 957)
4(454 426 425 453)
4(986 985 957 958)
4(455 427 426 454)
4(987 986 958 959)
4(456 428 427 455)
4(988 987 959 960)
4(457 429 428 456)
4(989 988 960 961)
4(458 430 429 457)
4(990 989 961 962)
4(459 431 430 458)
4(991 990 962 963)
4(460 432 431 459)
4(992 991 963 964)
4(461 433 432 460)
4(993 992 964 965)
4(462 434 433 461)
4(994 993 965 966)
4(463 435 434 462)
4(995 994 966 967)
4(464 436 435 463)
4(996 995 967 968)
4(465 437 436 464)
4(997 996 968 969)
4(466 438 437 465)
4(998 997 969 970)
4(467 439 438 466)
4(999 998 970 971)
4(468 440 439 467)
4(1000 999 971 972)
4(469 441 440 468)
4(1001 1000 972 973)
4(470 442 441 469)
4(1002 1001 973 974)
4(471 443 442 470)
4(1003 1002 974 975)
4(472 444 443 471)
4(1004 1003 975 976)
4(473 445 444 472)
4(1005 1004 976 977)
4(474 446 445 473)
4(1006 1005 977 978)
4(475 447 446 474)
4(1007 1006 978 979)
4(17 16 447 475)
4(158 1007 979 159)
4(476 448 64 65)
4(1008 112 111 980)
4(477 449 448 476)
4(1009 1008 980 981)
4(478 450 449 477)
4(1010 1009 981 982)
4(479 451 450 478)
4(1011 1010 982 983)
4(480 452 451 479)
4(1012 1011 983 984)
4(481 453 452 480)
4(1013 1012 984 985)
4(482 454 453 481)
4(1014 1013 985 986)
4(483 455 454 482)
4(1015 1014 986 987)
4(484 456 455 483)
4(1016 1015 987 988)
4(485 457 456 484)
4(1017 1016 988 989)
4(486 458 457 485)
4(1018 1017 989 990)
4(487 459 458 486)
4(1019 1018 990 991)
4(488 460 459 487)
4(1020 1019 991 992)
4(489 461 460 488)
4(1021 1020 992 993)
4(490 462 461 489)
4(1022 1021 993 994)
4(491 463 462 490)
4(1023 1022 994 995)
4(492 464 463 491)
4(1024 1023 995 996)
4(493 465 464 492)
4(1025 1024 996 997)
4(494 466 465 493)
4(1026 1025 997 998)
4(495 467 466 494)
4(1027 1026 998 999)
4(496 468 467 495)
4(1028 1027 999 1000)
4(497 469 468 496)
4(1029 1028 1000 1001)
4(498 470 469 497)
4(1030 1029 1001 1002)
4(499 471 470 498)
4(1031 1030 1002 1003)
4(500 472 471 499)
4(1032 1031 1003 1004)
4(501 473 472 500)
4(1033 1032 1004 1005)
4(502 474 473 501)
4(1034 1033 1005 1006)
4(503 475 474 502)
4(1035 1034 1006 1007)
4(18 17 475 503)
4(157 1035 1007 158)
4(504 476 65 66)
4(1036 113 112 1008)
4(505 477 476 504)
4(1037 1036 1008 1009)
4(506 478 477 505)
4(1038 1037 1009 1010)
4(507 479 478 506)
4(1039 1038 1010 1011)
4(508 480 479 507)
4(1040 1039 1011 1012)
4(509 481 480 508)
4(1041 1040 1012 1013)
4(510 482 481 509)
4(1042 1041 1013 1014)
4(511 483 482 510)
4(1043 1042 1014 1015)
4(512 484 483 511)
4(1044 1043 1015 1016)
4(513 485 484 512)
4(1045 1044 1016 1017)
4(514 486 485 513)
4(1046 1045 1017 1018)
4(515 487 486 514)
4(1047 1046 1018 1019)
4(516 488 487 515)
4(1048 1047 1019 1020)
4(517 489 488 516)
4(1049 1048 1020 1021)
4(518 490 489 517)
4(1050 1049 1021 1022)
4(519 491 490 518)
4(1051 1050 1022 1023)
4(520 492 491 519)
4(1052 1051 1023 1024)
4(521 493 492 520)
4(1053 1052 1024 1025)
4(522 494 493 521)
4(1054 1053 1025 1026)
4(523 495 494 522)
4(1055 1054 1026 1027)
4(524 496 495 523)
4(1056 1055 1027 1028)
4(525 497 496 524)
4(1057 1056 1028 1029)
4(526 498 497 525)
4(1058 1057 1029 1030)
4(527 499 498 526)
4(1059 1058 1030 1031)
4(528 500 499 527)
4(1060 1059 1031 1032)
4(529 501 500 528)
4(1061 1060 1032 1033)
4(530 502 501 529)
4(1062 1061 1033 1034)
4(531 503 502 530)
4(1063 1062 1034 1035)
4(19 18 503 531)
4(156 1063 1035 157)
4(532 504 66 67)
4(1064 114 113 1036)
4(533 505 504 532)
4(1065 1064 1036 1037)
4(534 506 505 533)
4(1066 1065 1037 1038)
4(535 507 506 534)
4(1067 1066 1038 1039)
4(536 508 507 535)
4(1068 1067 1039 1040)
4(537 509 508 536)
4(1069 1068 1040 1041)
4(538 510 509 537)
4(1070 1069 1041 1042)
4(539 511 510 538)
4(1071 1070 1042 1043)
4(540 512 511 539)
4(1072 1071 1043 1044)
4(541 513 512 540)
4(1073 1072 1044 1045)
4(542 514 513 541)
4(1074 1073 1045 1046)
4(543 515 514 542)
4(1075 1074 1046 1047)
4(544 516 515 543)
4(1076 1075 1047 1048)
4(545 517 516 544)
4(1077 1076 1048 1049)
4(546 518 517 545)
4(1078 1077 1049 1050)
4(547 519 518 546)
4(1079 1078 1050 1051)
4(548 520 519 547)
4(1080 1079 1051 1052)
4(549 521 520 548)
4(1081 1080 1052 1053)
4(550 522 521 549)
4(1082 1081 1053 1054)
4(551 523 522 550)
4(1083 1082 1054 1055)
4(552 524 523 551)
4(1084 1083 1055 1056)
4(553 525 524 552)
4(1085 1084 1056 1057)
4(554 526 525 553)
4(1086 1085 1057 1058)
4(555 527 526 554)
4(1087 1086 1058 1059)
4(556 528 527 555)
4(1088 1087 1059 1060)
4(557 529 528 556)
4(1089 1088 1060 1061)
4(558 530 529 557)
4(1090 1089 1061 1062)
4(559 531 530 558)
4(1091 1090 1062 1063)
4(20 19 531 559)
4(155 1091 1063 156)
4(560 532 67 68)
4(1092 115 114 1064)
4(561 533 532 560)
4(1093 1092 1064 1065)
4(562 534 533 561)
4(1094 1093 1065 1066)
4(563 535 534 562)
4(1095 1094 1066 1067)
4(564 536 535 563)
4(1096 1095 1067 1068)
4(565 537 536 564)
4(1097 1096 1068 1069)
4(566 538 537 565)
4(1098 1097 1069 1070)
4(567 539 538 566)
4(1099 1098 1070 1071)
4(568 540 539 567)
4(1100 1099 1071 1072)
4(569 541 540 568)
4(1101 1100 1072 1073)
4(570 542 541 569)
4(1102 1101 1073 1074)
4(571 543 542 570)
4(1103 1102 1074 1075)
4(572 544 543 571)
4(1104 1103 1075 1076)
4(573 545 544 572)
4(1105 1104 1076 1077)
4(574 546 545 573)
4(1106 1105 1077 1078)
4(575 547 546 574)
4(1107 1106 1078 1079)
4(576 548 547 575)
4(1108 1107 1079 1080)
4(577 549 548 576)
4(1109 1108 1080 1081)
4(578 550 549 577)
4(1110 1109 1081 1082)
4(579 551 550 578)
4(1111 1110 1082 1083)
4(580 552 551 579)
4(1112 1111 1083 1084)
4(581 553 552 580)
4(1113 1112 1084 1085)
4(582 554 553 581)
4(1114 1113 1085 1086)
4(583 555 554 582)
4(1115 1114 1086 1087)
4(584 556 555 583)
4(1116 1115 1087 1088)
4(585 557 556 584)
4(1117 1116 1088 1089)
4(586 558 557 585)
4(1118 1117 1089 1090)
4(587 559 558 586)
4(1119 1118 1090 1091)
4(21 20 559 587)
4(154 1119 1091 155)
4(588 560 68 69)
4(1120 116 115 1092)
4(589 561 560 588)
4(1121 1120 1092 1093)
4(590 562 561 589)
4(1122 1121 1093 1094)
4(591 563 562 590)
4(1123 1122 1094 1095)
4(592 564 563 591)
4(1124 1123 1095 1096)
4(593 565 564 592)
4(1125 1124 1096 1097)
4(594 566 565 593)
4(1126 1125 1097 1098)
4(595 567 566 594)
4(1127 1126 1098 1099)
4(596 568 567 595)
4(1128 1127 1099 1100)
4(597 569 568 596)
4(1129 1128 1100 1101)
4(598 570 569 597)
4(1130 1129 1101 1102)
4(599 571 570 598)
4(1131 1130 1102 1103)
4(600 572 571 599)
4(1132 1131 1103 1104)
4(601 573 572 600)
4(1133 1132 1104 1105)
4(602 574 573 601)
4(1134 1133 1105 1106)
4(603 575 574 602)
4(1135 1134 1106 1107)
4(604 576 575 603)
4(1136 1135 1107 1108)
4(605 577 576 604)
4(1137 1136 1108 1109)
4(606 578 577 605)
4(1138 1137 1109 1110)
4(607 579 578 606)
4(1139 1138 1110 1111)
4(608 580 579 607)
4(1140 1139 1111 1112)
4(609 581 580 608)
4(1141 1140 1112 1113)
4(610 582 581 609)
4(1142 1141 1113 1114)
4(611 583 582 610)
4(1143 1142 1114 1115)
4(612 584 583 611)
4(1144 1143 1115 1116)
4(613 585 584 612)
4(1145 1144 1116 1117)
4(614 586 585 613)
4(1146 1145 1117 1118)
4(615 587 586 614)
4(1147 1146 1118 1119)
4(22 21 587 615)
4(153 1147 1119 154)
4(616 588 69 70)
4(1148 117 116 1120)
4(617 589 588 616)
4(1149 1148 1120 1121)
4(618 590 589 617)
4(1150 1149 1121 1122)
4(619 591 590 618)
4(1151 1150 1122 1123)
4(620 592 591 619)
4(1152 1151 1123 1124)
4(621 593 592 620)
4(1153 1152 1124 1125)
4(622 594 593 621)
4(1154 1153 1125 1126)
4(623 595 594 622)
4(1155 1154 1126 1127)
4(624 596 595 623)
4(1156 1155 1127 1128)
4(625 597 596 624)
4(1157 1156 1128 1129)
4(626 598 597 625)
4(1158 1157 1129 1130)
4(627 599 598 626)
4(1159 1158 1130 1131)
4(628 600 599 627)
4(1160 1159 1131 1132)
4(629 601 600 628)
4(1161 1160 1132 1133)
4(630 602 601 629)
4(1162 1161 1133 1134)
4(631 603 602 630)
4(1163 1162 1134 1135)
4(632 604 603 631)
4(1164 1163 1135 1136)
4(633 605 604 632)
4(1165 1164 1136 1137)
4(634 606 605 633)
4(1166 1165 1137 1138)
4(635 607 606 634)
4(1167 1166 1138 1139)
4(636 608 607 635)
4(1168 1167 1139 1140)
4(637 609 608 636)
4(1169 1168 1140 1141)
4(638 610 609 637)
4(1170 1169 1141 1142)
4(639 611 610 638)
4(1171 1170 1142 1143)
4(640 612 611 639)
4(1172 1171 1143 1144)
4(641 613 612 640)
4(1173 1172 1144 1145)
4(642 614 613 641)
4(1174 1173 1145 1146)
4(643 615 614 642)
4(1175 1174 1146 1147)
4(23 22 615 643)
4(152 1175 1147 153)
4(644 616 70 71)
4(1176 118 117 1148)
4(645 617 616 644)
4(1177 1176 1148 1149)
4(646 618 617 645)
4(1178 1177 1149 1150)
4(647 619 618 646)
4(1179 1178 1150 1151)
4(648 620 619 647)
4(1180 1179 1151 1152)
4(649 621 620 648)
4(1181 1180 1152 1153)
4(650 622 621 649)
4(1182 1181 1153 1154)
4(651 623 622 650)
4(1183 1182 1154 1155)
4(652 624 623 651)
4(1184 1183 1155 1156)
4(653 625 624 652)
4(1185 1184 1156 1157)
4(654 626 625 653)
4(1186 1185 1157 1158)
4(655 627 626 654)
4(1187 1186 1158 1159)
4(656 628 627 655)
4(1188 1187 1159 1160)
4(657 629 628 656)
4(1189 1188 1160 1161)
4(658 630 629 657)
4(1190 1189 1161 1162)
4(659 631 630 658)
4(1191 1190 1162 1163)
4(660 632 631 659)
4(1192 1191 1163 1164)
4(661 633 632 660)
4(1193 1192 1164 1165)
4(662 634 633 661)
4(1194 1193 1165 1166)
4(663 635 634 662)
4(1195 1194 1166 1167)
4(664 636 635 663)
4(1196 1195 1167 1168)
4(665 637 636 664)
4(1197 1196 1168 1169)
4(666 638 637 665)
4(1198 1197 1169 1170)
4(667 639 638 666)
4(1199 1198 1170 1171)
4(668 640 639 667)
4(1200 1199 1171 1172)
4(669 641 640 668)
4(1201 1200 1172 1173)
4(670 642 641 669)
4(1202 1201 1173 1174)
4(671 643 642 670)
4(1203 1202 1174 1175)
4(24 23 643 671)
4(151 1203 1175 152)
4(672 644 71 72)
4(1204 119 118 1176)
4(673 645 644 672)
4(1205 1204 1176 1177)
4(674 646 645 673)
4(1206 1205 1177 1178)
4(675 647 646 674)
4(1207 1206 1178 1179)
4(676 648 647 675)
4(1208 1207 1179 1180)
4(677 649 648 676)
4(1209 1208 1180 1181)
4(678 650 649 677)
4(1210 1209 1181 1182)
4(679 651 650 678)
4(1211 1210 1182 1183)
4(680 652 651 679)
4(1212 1211 1183 1184)
4(681 653 652 680)
4(1213 1212 1184 1185)
4(682 654 653 681)
4(1214 1213 1185 1186)
4(683 655 654 682)
4(1215 1214 1186 1187)
4(684 656 655 683)
4(1216 1215 1187 1188)
4(685 657 656 684)
4(1217 1216 1188 1189)
4(686 658 657 685)
4(1218 1217 1189 1190)
4(687 659 658 686)
4(1219 1218 1190 1191)
4(688 660 659 687)
4(1220 1219 1191 1192)
4(689 661 660 688)
4(1221 1220 1192 1193)
4(690 662 661 689)
4(1222 1221 1193 1194)
4(691 663 662 690)
4(1223 1222 1194 1195)
4(692 664 663 691)
4(1224 1223 1195 1196)
4(693 665 664 692)
4(1225 1224 1196 1197)
4(694 666 665 693)
4(1226 1225 1197 1198)
4(695 667 666 694)
4(1227 1226 1198 1199)
4(696 668 667 695)
4(1228 1227 1199 1200)
4(697 669 668 696)
4(1229 1228 1200 1201)
4(698 670 669 697)
4(1230 1229 1201 1202)
4(699 671 670 698)
4(1231 1230 1202 1203)
4(25 24 671 699)
4(150 1231 1203 151)
4(700 672 72 73)
4(1232 120 119 1204)
4(701 673 672 700)
4(1233 1232 1204 1205)
4(702 674 673 701)
4(1234 1233 1205 1206)
4(703 675 674 702)
4(1235 1234 1206 1207)
4(704 676 675 703)
4(1236 1235 1207 1208)
4(705 677 676 704)
4(1237 1236 1208 1209)
4(706 678 677 705)
4(1238 1237 1209 1210)
4(707 679 678 706)
4(1239 1238 1210 1211)
4(708 680 679 707)
4(1240 1239 1211 1212)
4(709 681 680 708)
4(1241 1240 1212 1213)
4(710 682 681 709)
4(1242 1241 1213 1214)
4(711 683 682 710)
4(1243 1242 1214 1215)
4(712 684 683 711)
4(1244 1243 1215 1216)
4(713 685 684 712)
4(1245 1244 1216 1217)
4(714 686 685 713)
4(1246 1245 1217 1218)
4(715 687 686 714)
4(1247 1246 1218 1219)
4(716 688 687 715)
4(1248 1247 1219 1220)
4(717 689 688 716)
4(1249 1248 1220 1221)
4(718 690 689 717)
4(1250 1249 1221 1222)
4(719 691 690 718)
4(1251 1250 1222 1223)
4(720 692 691 719)
4(1252 1251 1223 1224)
4(721 693 692 720)
4(1253 1252 1224 1225)
4(722 694 693 721)
4(1254 1253 1225 1226)
4(723 695 694 722)
4(1255 1254 1226 1227)
4(724 696 695 723)
4(1256 1255 1227 1228)
4(725 697 696 724)
4(1257 1256 1228 1229)
4(726 698 697 725)
4(1258 1257 1229 1230)
4(727 699 698 726)
4(1259 1258 1230 1231)
4(26 25 699 727)
4(149 1259 1231 150)
4(74 700 73 3)
4(121 5 120 1232)
4(75 701 700 74)
4(122 121 1232 1233)
4(76 702 701 75)
4(123 122 1233 1234)
4(77 703 702 76)
4(124 123 1234 1235)
4(78 704 703 77)
4(125 124 1235 1236)
4(79 705 704 78)
4(126 125 1236 1237)
4(80 706 705 79)
4(127 126 1237 1238)
4(81 707 706 80)
4(128 127 1238 1239)
4(82 708 707 81)
4(129 128 1239 1240)
4(83 709 708 82)
4(130 129 1240 1241)
4(84 710 709 83)
4(131 130 1241 1242)
4(85 711 710 84)
4(132 131 1242 1243)
4(86 712 711 85)
4(133 132 1243 1244)
4(87 713 712 86)
4(134 133 1244 1245)
4(88 714 713 87)
4(135 134 1245 1246)
4(89 715 714 88)
4(136 135 1246 1247)
4(90 716 715 89)
4(137 136 1247 1248)
4(91 717 716 90)
4(138 137 1248 1249)
4(92 718 717 91)
4(139 138 1249 1250)
4(93 719 718 92)
4(140 139 1250 1251)
4(94 720 719 93)
4(141 140 1251 1252)
4(95 721 720 94)
4(142 141 1252 1253)
4(96 722 721 95)
4(143 142 1253 1254)
4(97 723 722 96)
4(144 143 1254 1255)
4(98 724 723 97)
4(145 144 1255 1256)
4(99 725 724 98)
4(146 145 1256 1257)
4(100 726 725 99)
4(147 146 1257 1258)
4(101 727 726 100)
4(148 147 1258 1259)
4(1 26 727 101)
4(6 148 1259 149)
4(55 2 4 102)
4(56 55 102 103)
4(57 56 103 104)
4(58 57 104 105)
4(59 58 105 106)
4(60 59 106 107)
4(61 60 107 108)
4(62 61 108 109)
4(63 62 109 110)
4(64 63 110 111)
4(65 64 111 112)
4(66 65 112 113)
4(67 66 113 114)
4(68 67 114 115)
4(69 68 115 116)
4(70 69 116 117)
4(71 70 117 118)
4(72 71 118 119)
4(73 72 119 120)
4(3 73 120 5)
4(74 3 5 121)
4(75 74 121 122)
4(76 75 122 123)
4(77 76 123 124)
4(78 77 124 125)
4(79 78 125 126)
4(80 79 126 127)
4(81 80 127 128)
4(82 81 128 129)
4(83 82 129 130)
4(84 83 130 131)
4(85 84 131 132)
4(86 85 132 133)
4(87 86 133 134)
4(88 87 134 135)
4(89 88 135 136)
4(90 89 136 137)
4(91 90 137 138)
4(92 91 138 139)
4(93 92 139 140)
4(94 93 140 141)
4(95 94 141 142)
4(96 95 142 143)
4(97 96 143 144)
4(98 97 144 145)
4(99 98 145 146)
4(100 99 146 147)
4(101 100 147 148)
4(1 101 148 6)
4(54 195 4 2)
4(53 194 195 54)
4(52 193 194 53)
4(51 192 193 52)
4(50 191 192 51)
4(49 190 191 50)
4(48 189 190 49)
4(47 188 189 48)
4(46 187 188 47)
4(45 186 187 46)
4(44 185 186 45)
4(43 184 185 44)
4(42 183 184 43)
4(41 182 183 42)
4(40 181 182 41)
4(39 180 181 40)
4(38 179 180 39)
4(37 178 179 38)
4(36 177 178 37)
4(35 176 177 36)
4(34 175 176 35)
4(33 174 175 34)
4(32 173 174 33)
4(31 172 173 32)
4(30 171 172 31)
4(29 170 171 30)
4(28 169 170 29)
4(27 168 169 28)
4(0 7 168 27)
4(8 167 7 0)
4(9 166 167 8)
4(10 165 166 9)
4(11 164 165 10)
4(12 163 164 11)
4(13 162 163 12)
4(14 161 162 13)
4(15 160 161 14)
4(16 159 160 15)
4(17 158 159 16)
4(18 157 158 17)
4(19 156 157 18)
4(20 155 156 19)
4(21 154 155 20)
4(22 153 154 21)
4(23 152 153 22)
4(24 151 152 23)
4(25 150 151 24)
4(26 149 150 25)
4(1 6 149 26)
)


// ************************************************************************* //
