/*--------------------------------*- C++ -*----------------------------------*\
| =========                 |                                                 |
| \\      /  F ield         | OpenFOAM: The Open Source CFD Toolbox           |
|  \\    /   O peration     | Version:  v1606                                 |
|   \\  /    A nd           | Web:      www.OpenFOAM.com                      |
|    \\/     M anipulation  |                                                 |
\*---------------------------------------------------------------------------*/
FoamFile
{
    version     2.0;
    format      ascii;
    class       vectorField;
    location    "constant/air/polyMesh";
    object      points;
}
// * * * * * * * * * * * * * * * * * * * * * * * * * * * * * * * * * * * * * //


1260
(
(1 0.2 0)
(0 0.2 0)
(1 0.4 0)
(0 0.4 0)
(1 0.4 -0.01)
(0 0.4 -0.01)
(0 0.2 -0.01)
(1 0.2 -0.01)
(0.95 0.2 0)
(0.9 0.2 0)
(0.85 0.2 0)
(0.8 0.2 0)
(0.75 0.2 0)
(0.7 0.2 0)
(0.65 0.2 0)
(0.6 0.2 0)
(0.55 0.2 0)
(0.5 0.2 0)
(0.45 0.2 0)
(0.4 0.2 0)
(0.35 0.2 0)
(0.3 0.2 0)
(0.25 0.2 0)
(0.2 0.2 0)
(0.15 0.2 0)
(0.1 0.2 0)
(0.05 0.2 0)
(1 0.2010984 0)
(1 0.2023189 0)
(1 0.203675 0)
(1 0.2051818 0)
(1 0.206856 0)
(1 0.2087162 0)
(1 0.2107831 0)
(1 0.2130796 0)
(1 0.2156313 0)
(1 0.2184666 0)
(1 0.2216169 0)
(1 0.2251172 0)
(1 0.2290064 0)
(1 0.2333278 0)
(1 0.2381293 0)
(1 0.2434643 0)
(1 0.2493921 0)
(1 0.2559785 0)
(1 0.2632968 0)
(1 0.2714282 0)
(1 0.2804631 0)
(1 0.2905019 0)
(1 0.3016561 0)
(1 0.3140496 0)
(1 0.3278202 0)
(1 0.3431209 0)
(1 0.3601217 0)
(1 0.3790114 0)
(0.95 0.4 0)
(0.9 0.4 0)
(0.85 0.4 0)
(0.8 0.4 0)
(0.75 0.4 0)
(0.7 0.4 0)
(0.65 0.4 0)
(0.6 0.4 0)
(0.55 0.4 0)
(0.5 0.4 0)
(0.45 0.4 0)
(0.4 0.4 0)
(0.35 0.4 0)
(0.3 0.4 0)
(0.25 0.4 0)
(0.2 0.4 0)
(0.15 0.4 0)
(0.1 0.4 0)
(0.05 0.4 0)
(0 0.3790114 0)
(0 0.3601217 0)
(0 0.3431209 0)
(0 0.3278202 0)
(0 0.3140496 0)
(0 0.3016561 0)
(0 0.2905019 0)
(0 0.2804631 0)
(0 0.2714282 0)
(0 0.2632968 0)
(0 0.2559785 0)
(0 0.2493921 0)
(0 0.2434643 0)
(0 0.2381293 0)
(0 0.2333277 0)
(0 0.2290064 0)
(0 0.2251172 0)
(0 0.2216169 0)
(0 0.2184666 0)
(0 0.2156313 0)
(0 0.2130796 0)
(0 0.2107831 0)
(0 0.2087162 0)
(0 0.206856 0)
(0 0.2051818 0)
(0 0.203675 0)
(0 0.2023189 0)
(0 0.2010984 0)
(0.95 0.4 -0.01)
(0.9 0.4 -0.01)
(0.85 0.4 -0.01)
(0.8 0.4 -0.01)
(0.75 0.4 -0.01)
(0.7 0.4 -0.01)
(0.65 0.4 -0.01)
(0.6 0.4 -0.01)
(0.55 0.4 -0.01)
(0.5 0.4 -0.01)
(0.45 0.4 -0.01)
(0.4 0.4 -0.01)
(0.35 0.4 -0.01)
(0.3 0.4 -0.01)
(0.25 0.4 -0.01)
(0.2 0.4 -0.01)
(0.15 0.4 -0.01)
(0.1 0.4 -0.01)
(0.05 0.4 -0.01)
(0 0.3790114 -0.01)
(0 0.3601217 -0.01)
(0 0.3431209 -0.01)
(0 0.3278202 -0.01)
(0 0.3140496 -0.01)
(0 0.3016561 -0.01)
(0 0.2905019 -0.01)
(0 0.2804631 -0.01)
(0 0.2714282 -0.01)
(0 0.2632968 -0.01)
(0 0.2559785 -0.01)
(0 0.2493921 -0.01)
(0 0.2434643 -0.01)
(0 0.2381293 -0.01)
(0 0.2333277 -0.01)
(0 0.2290064 -0.01)
(0 0.2251172 -0.01)
(0 0.2216169 -0.01)
(0 0.2184666 -0.01)
(0 0.2156313 -0.01)
(0 0.2130796 -0.01)
(0 0.2107831 -0.01)
(0 0.2087162 -0.01)
(0 0.206856 -0.01)
(0 0.2051818 -0.01)
(0 0.203675 -0.01)
(0 0.2023189 -0.01)
(0 0.2010984 -0.01)
(0.05 0.2 -0.01)
(0.1 0.2 -0.01)
(0.15 0.2 -0.01)
(0.2 0.2 -0.01)
(0.25 0.2 -0.01)
(0.3 0.2 -0.01)
(0.35 0.2 -0.01)
(0.4 0.2 -0.01)
(0.45 0.2 -0.01)
(0.5 0.2 -0.01)
(0.55 0.2 -0.01)
(0.6 0.2 -0.01)
(0.65 0.2 -0.01)
(0.7 0.2 -0.01)
(0.75 0.2 -0.01)
(0.8 0.2 -0.01)
(0.85 0.2 -0.01)
(0.9 0.2 -0.01)
(0.95 0.2 -0.01)
(1 0.2010984 -0.01)
(1 0.2023189 -0.01)
(1 0.203675 -0.01)
(1 0.2051818 -0.01)
(1 0.206856 -0.01)
(1 0.2087162 -0.01)
(1 0.2107831 -0.01)
(1 0.2130796 -0.01)
(1 0.2156313 -0.01)
(1 0.2184666 -0.01)
(1 0.2216169 -0.01)
(1 0.2251172 -0.01)
(1 0.2290064 -0.01)
(1 0.2333278 -0.01)
(1 0.2381293 -0.01)
(1 0.2434643 -0.01)
(1 0.2493921 -0.01)
(1 0.2559785 -0.01)
(1 0.2632968 -0.01)
(1 0.2714282 -0.01)
(1 0.2804631 -0.01)
(1 0.2905019 -0.01)
(1 0.3016561 -0.01)
(1 0.3140496 -0.01)
(1 0.3278202 -0.01)
(1 0.3431209 -0.01)
(1 0.3601217 -0.01)
(1 0.3790114 -0.01)
(0.95 0.3790114 0)
(0.95 0.3601217 0)
(0.95 0.3431209 0)
(0.95 0.3278202 0)
(0.95 0.3140496 0)
(0.95 0.3016561 0)
(0.95 0.2905019 0)
(0.95 0.2804631 0)
(0.95 0.2714282 0)
(0.95 0.2632968 0)
(0.95 0.2559785 0)
(0.95 0.2493921 0)
(0.95 0.2434643 0)
(0.95 0.2381293 0)
(0.95 0.2333278 0)
(0.95 0.2290064 0)
(0.95 0.2251172 0)
(0.95 0.2216169 0)
(0.95 0.2184666 0)
(0.95 0.2156313 0)
(0.95 0.2130796 0)
(0.95 0.2107831 0)
(0.95 0.2087162 0)
(0.95 0.206856 0)
(0.95 0.2051818 0)
(0.95 0.203675 0)
(0.95 0.2023189 0)
(0.95 0.2010984 0)
(0.9 0.3790114 0)
(0.9 0.3601217 0)
(0.9 0.3431209 0)
(0.9 0.3278202 0)
(0.9 0.3140496 0)
(0.9 0.3016561 0)
(0.9 0.2905019 0)
(0.9 0.2804631 0)
(0.9 0.2714282 0)
(0.9 0.2632968 0)
(0.9 0.2559785 0)
(0.9 0.2493921 0)
(0.9 0.2434643 0)
(0.9 0.2381293 0)
(0.9 0.2333278 0)
(0.9 0.2290064 0)
(0.9 0.2251172 0)
(0.9 0.2216169 0)
(0.9 0.2184666 0)
(0.9 0.2156313 0)
(0.9 0.2130796 0)
(0.9 0.2107831 0)
(0.9 0.2087162 0)
(0.9 0.206856 0)
(0.9 0.2051818 0)
(0.9 0.203675 0)
(0.9 0.2023189 0)
(0.9 0.2010984 0)
(0.85 0.3790114 0)
(0.85 0.3601217 0)
(0.85 0.3431209 0)
(0.85 0.3278202 0)
(0.85 0.3140496 0)
(0.85 0.3016561 0)
(0.85 0.2905019 0)
(0.85 0.2804631 0)
(0.85 0.2714282 0)
(0.85 0.2632968 0)
(0.85 0.2559785 0)
(0.85 0.2493921 0)
(0.85 0.2434643 0)
(0.85 0.2381293 0)
(0.85 0.2333278 0)
(0.85 0.2290064 0)
(0.85 0.2251172 0)
(0.85 0.2216169 0)
(0.85 0.2184666 0)
(0.85 0.2156313 0)
(0.85 0.2130796 0)
(0.85 0.2107831 0)
(0.85 0.2087162 0)
(0.85 0.206856 0)
(0.85 0.2051818 0)
(0.85 0.203675 0)
(0.85 0.2023189 0)
(0.85 0.2010984 0)
(0.8 0.3790114 0)
(0.8 0.3601217 0)
(0.8 0.3431209 0)
(0.8 0.3278202 0)
(0.8 0.3140496 0)
(0.8 0.3016561 0)
(0.8 0.2905019 0)
(0.8 0.2804631 0)
(0.8 0.2714282 0)
(0.8 0.2632968 0)
(0.8 0.2559785 0)
(0.8 0.2493921 0)
(0.8 0.2434643 0)
(0.8 0.2381293 0)
(0.8 0.2333278 0)
(0.8 0.2290064 0)
(0.8 0.2251172 0)
(0.8 0.2216169 0)
(0.8 0.2184666 0)
(0.8 0.2156313 0)
(0.8 0.2130796 0)
(0.8 0.2107831 0)
(0.8 0.2087162 0)
(0.8 0.206856 0)
(0.8 0.2051818 0)
(0.8 0.203675 0)
(0.8 0.2023189 0)
(0.8 0.2010984 0)
(0.75 0.3790114 0)
(0.75 0.3601217 0)
(0.75 0.3431209 0)
(0.75 0.3278202 0)
(0.75 0.3140496 0)
(0.75 0.3016561 0)
(0.75 0.2905019 0)
(0.75 0.2804631 0)
(0.75 0.2714282 0)
(0.75 0.2632968 0)
(0.75 0.2559785 0)
(0.75 0.2493921 0)
(0.75 0.2434643 0)
(0.75 0.2381293 0)
(0.75 0.2333278 0)
(0.75 0.2290064 0)
(0.75 0.2251172 0)
(0.75 0.2216169 0)
(0.75 0.2184666 0)
(0.75 0.2156313 0)
(0.75 0.2130796 0)
(0.75 0.2107831 0)
(0.75 0.2087162 0)
(0.75 0.206856 0)
(0.75 0.2051818 0)
(0.75 0.203675 0)
(0.75 0.2023189 0)
(0.75 0.2010984 0)
(0.7 0.3790114 0)
(0.7 0.3601217 0)
(0.7 0.3431209 0)
(0.7 0.3278202 0)
(0.7 0.3140496 0)
(0.7 0.3016561 0)
(0.7 0.2905019 0)
(0.7 0.2804631 0)
(0.7 0.2714282 0)
(0.7 0.2632968 0)
(0.7 0.2559785 0)
(0.7 0.2493921 0)
(0.7 0.2434643 0)
(0.7 0.2381293 0)
(0.7 0.2333278 0)
(0.7 0.2290064 0)
(0.7 0.2251172 0)
(0.7 0.2216169 0)
(0.7 0.2184666 0)
(0.7 0.2156313 0)
(0.7 0.2130796 0)
(0.7 0.2107831 0)
(0.7 0.2087162 0)
(0.7 0.206856 0)
(0.7 0.2051818 0)
(0.7 0.203675 0)
(0.7 0.2023189 0)
(0.7 0.2010984 0)
(0.65 0.3790114 0)
(0.65 0.3601217 0)
(0.65 0.3431209 0)
(0.65 0.3278202 0)
(0.65 0.3140496 0)
(0.65 0.3016561 0)
(0.65 0.2905019 0)
(0.65 0.2804631 0)
(0.65 0.2714282 0)
(0.65 0.2632968 0)
(0.65 0.2559785 0)
(0.65 0.2493921 0)
(0.65 0.2434643 0)
(0.65 0.2381293 0)
(0.65 0.2333278 0)
(0.65 0.2290064 0)
(0.65 0.2251172 0)
(0.65 0.2216169 0)
(0.65 0.2184666 0)
(0.65 0.2156313 0)
(0.65 0.2130796 0)
(0.65 0.2107831 0)
(0.65 0.2087162 0)
(0.65 0.206856 0)
(0.65 0.2051818 0)
(0.65 0.203675 0)
(0.65 0.2023189 0)
(0.65 0.2010984 0)
(0.6 0.3790114 0)
(0.6 0.3601217 0)
(0.6 0.3431209 0)
(0.6 0.3278202 0)
(0.6 0.3140496 0)
(0.6 0.3016561 0)
(0.6 0.2905019 0)
(0.6 0.2804631 0)
(0.6 0.2714282 0)
(0.6 0.2632968 0)
(0.6 0.2559785 0)
(0.6 0.2493921 0)
(0.6 0.2434643 0)
(0.6 0.2381293 0)
(0.6 0.2333278 0)
(0.6 0.2290064 0)
(0.6 0.2251172 0)
(0.6 0.2216169 0)
(0.6 0.2184666 0)
(0.6 0.2156313 0)
(0.6 0.2130796 0)
(0.6 0.2107831 0)
(0.6 0.2087162 0)
(0.6 0.206856 0)
(0.6 0.2051818 0)
(0.6 0.203675 0)
(0.6 0.2023189 0)
(0.6 0.2010984 0)
(0.55 0.3790114 0)
(0.55 0.3601217 0)
(0.55 0.3431209 0)
(0.55 0.3278202 0)
(0.55 0.3140496 0)
(0.55 0.3016561 0)
(0.55 0.2905019 0)
(0.55 0.2804631 0)
(0.55 0.2714282 0)
(0.55 0.2632968 0)
(0.55 0.2559785 0)
(0.55 0.2493921 0)
(0.55 0.2434643 0)
(0.55 0.2381293 0)
(0.55 0.2333278 0)
(0.55 0.2290064 0)
(0.55 0.2251172 0)
(0.55 0.2216169 0)
(0.55 0.2184666 0)
(0.55 0.2156313 0)
(0.55 0.2130796 0)
(0.55 0.2107831 0)
(0.55 0.2087162 0)
(0.55 0.206856 0)
(0.55 0.2051818 0)
(0.55 0.203675 0)
(0.55 0.2023189 0)
(0.55 0.2010984 0)
(0.5 0.3790114 0)
(0.5 0.3601217 0)
(0.5 0.3431209 0)
(0.5 0.3278202 0)
(0.5 0.3140496 0)
(0.5 0.3016561 0)
(0.5 0.2905019 0)
(0.5 0.2804631 0)
(0.5 0.2714282 0)
(0.5 0.2632968 0)
(0.5 0.2559785 0)
(0.5 0.2493921 0)
(0.5 0.2434643 0)
(0.5 0.2381293 0)
(0.5 0.2333278 0)
(0.5 0.2290064 0)
(0.5 0.2251172 0)
(0.5 0.2216169 0)
(0.5 0.2184666 0)
(0.5 0.2156313 0)
(0.5 0.2130796 0)
(0.5 0.2107831 0)
(0.5 0.2087162 0)
(0.5 0.206856 0)
(0.5 0.2051818 0)
(0.5 0.203675 0)
(0.5 0.2023189 0)
(0.5 0.2010984 0)
(0.45 0.3790114 0)
(0.45 0.3601217 0)
(0.45 0.3431209 0)
(0.45 0.3278202 0)
(0.45 0.3140496 0)
(0.45 0.3016561 0)
(0.45 0.2905019 0)
(0.45 0.2804631 0)
(0.45 0.2714282 0)
(0.45 0.2632968 0)
(0.45 0.2559785 0)
(0.45 0.2493921 0)
(0.45 0.2434643 0)
(0.45 0.2381293 0)
(0.45 0.2333278 0)
(0.45 0.2290064 0)
(0.45 0.2251172 0)
(0.45 0.2216169 0)
(0.45 0.2184666 0)
(0.45 0.2156313 0)
(0.45 0.2130796 0)
(0.45 0.2107831 0)
(0.45 0.2087162 0)
(0.45 0.206856 0)
(0.45 0.2051818 0)
(0.45 0.203675 0)
(0.45 0.2023189 0)
(0.45 0.2010984 0)
(0.4 0.3790114 0)
(0.4 0.3601217 0)
(0.4 0.3431209 0)
(0.4 0.3278202 0)
(0.4 0.3140496 0)
(0.4 0.3016561 0)
(0.4 0.2905019 0)
(0.4 0.2804631 0)
(0.4 0.2714282 0)
(0.4 0.2632968 0)
(0.4 0.2559785 0)
(0.4 0.2493921 0)
(0.4 0.2434643 0)
(0.4 0.2381293 0)
(0.4 0.2333278 0)
(0.4 0.2290064 0)
(0.4 0.2251172 0)
(0.4 0.2216169 0)
(0.4 0.2184666 0)
(0.4 0.2156313 0)
(0.4 0.2130796 0)
(0.4 0.2107831 0)
(0.4 0.2087162 0)
(0.4 0.206856 0)
(0.4 0.2051818 0)
(0.4 0.203675 0)
(0.4 0.2023189 0)
(0.4 0.2010984 0)
(0.35 0.3790114 0)
(0.35 0.3601217 0)
(0.35 0.3431209 0)
(0.35 0.3278202 0)
(0.35 0.3140496 0)
(0.35 0.3016561 0)
(0.35 0.2905019 0)
(0.35 0.2804631 0)
(0.35 0.2714282 0)
(0.35 0.2632968 0)
(0.35 0.2559785 0)
(0.35 0.2493921 0)
(0.35 0.2434643 0)
(0.35 0.2381293 0)
(0.35 0.2333278 0)
(0.35 0.2290064 0)
(0.35 0.2251172 0)
(0.35 0.2216169 0)
(0.35 0.2184666 0)
(0.35 0.2156313 0)
(0.35 0.2130796 0)
(0.35 0.2107831 0)
(0.35 0.2087162 0)
(0.35 0.206856 0)
(0.35 0.2051818 0)
(0.35 0.203675 0)
(0.35 0.2023189 0)
(0.35 0.2010984 0)
(0.3 0.3790114 0)
(0.3 0.3601217 0)
(0.3 0.3431209 0)
(0.3 0.3278202 0)
(0.3 0.3140496 0)
(0.3 0.3016561 0)
(0.3 0.2905019 0)
(0.3 0.2804631 0)
(0.3 0.2714282 0)
(0.3 0.2632968 0)
(0.3 0.2559785 0)
(0.3 0.2493921 0)
(0.3 0.2434643 0)
(0.3 0.2381293 0)
(0.3 0.2333278 0)
(0.3 0.2290064 0)
(0.3 0.2251172 0)
(0.3 0.2216169 0)
(0.3 0.2184666 0)
(0.3 0.2156313 0)
(0.3 0.2130796 0)
(0.3 0.2107831 0)
(0.3 0.2087162 0)
(0.3 0.206856 0)
(0.3 0.2051818 0)
(0.3 0.203675 0)
(0.3 0.2023189 0)
(0.3 0.2010984 0)
(0.25 0.3790114 0)
(0.25 0.3601217 0)
(0.25 0.3431209 0)
(0.25 0.3278202 0)
(0.25 0.3140496 0)
(0.25 0.3016561 0)
(0.25 0.2905019 0)
(0.25 0.2804631 0)
(0.25 0.2714282 0)
(0.25 0.2632968 0)
(0.25 0.2559785 0)
(0.25 0.2493921 0)
(0.25 0.2434643 0)
(0.25 0.2381293 0)
(0.25 0.2333278 0)
(0.25 0.2290064 0)
(0.25 0.2251172 0)
(0.25 0.2216169 0)
(0.25 0.2184666 0)
(0.25 0.2156313 0)
(0.25 0.2130796 0)
(0.25 0.2107831 0)
(0.25 0.2087162 0)
(0.25 0.206856 0)
(0.25 0.2051818 0)
(0.25 0.203675 0)
(0.25 0.2023189 0)
(0.25 0.2010984 0)
(0.2 0.3790114 0)
(0.2 0.3601217 0)
(0.2 0.3431209 0)
(0.2 0.3278202 0)
(0.2 0.3140496 0)
(0.2 0.3016561 0)
(0.2 0.2905019 0)
(0.2 0.2804631 0)
(0.2 0.2714282 0)
(0.2 0.2632968 0)
(0.2 0.2559785 0)
(0.2 0.2493921 0)
(0.2 0.2434643 0)
(0.2 0.2381293 0)
(0.2 0.2333278 0)
(0.2 0.2290064 0)
(0.2 0.2251172 0)
(0.2 0.2216169 0)
(0.2 0.2184666 0)
(0.2 0.2156313 0)
(0.2 0.2130796 0)
(0.2 0.2107831 0)
(0.2 0.2087162 0)
(0.2 0.206856 0)
(0.2 0.2051818 0)
(0.2 0.203675 0)
(0.2 0.2023189 0)
(0.2 0.2010984 0)
(0.15 0.3790114 0)
(0.15 0.3601217 0)
(0.15 0.3431209 0)
(0.15 0.3278202 0)
(0.15 0.3140496 0)
(0.15 0.3016561 0)
(0.15 0.2905019 0)
(0.15 0.2804631 0)
(0.15 0.2714282 0)
(0.15 0.2632968 0)
(0.15 0.2559785 0)
(0.15 0.2493921 0)
(0.15 0.2434643 0)
(0.15 0.2381293 0)
(0.15 0.2333278 0)
(0.15 0.2290064 0)
(0.15 0.2251172 0)
(0.15 0.2216169 0)
(0.15 0.2184666 0)
(0.15 0.2156313 0)
(0.15 0.2130796 0)
(0.15 0.2107831 0)
(0.15 0.2087162 0)
(0.15 0.206856 0)
(0.15 0.2051818 0)
(0.15 0.203675 0)
(0.15 0.2023189 0)
(0.15 0.2010984 0)
(0.1 0.3790114 0)
(0.1 0.3601217 0)
(0.1 0.3431209 0)
(0.1 0.3278202 0)
(0.1 0.3140496 0)
(0.1 0.3016561 0)
(0.1 0.2905019 0)
(0.1 0.2804631 0)
(0.1 0.2714282 0)
(0.1 0.2632968 0)
(0.1 0.2559785 0)
(0.1 0.2493921 0)
(0.1 0.2434643 0)
(0.1 0.2381293 0)
(0.1 0.2333278 0)
(0.1 0.2290064 0)
(0.1 0.2251172 0)
(0.1 0.2216169 0)
(0.1 0.2184666 0)
(0.1 0.2156313 0)
(0.1 0.2130796 0)
(0.1 0.2107831 0)
(0.1 0.2087162 0)
(0.1 0.206856 0)
(0.1 0.2051818 0)
(0.1 0.203675 0)
(0.1 0.2023189 0)
(0.1 0.2010984 0)
(0.05 0.3790114 0)
(0.05 0.3601217 0)
(0.05 0.3431209 0)
(0.05 0.3278202 0)
(0.05 0.3140496 0)
(0.05 0.3016561 0)
(0.05 0.2905019 0)
(0.05 0.2804631 0)
(0.05 0.2714282 0)
(0.05 0.2632968 0)
(0.05 0.2559785 0)
(0.05 0.2493921 0)
(0.05 0.2434643 0)
(0.05 0.2381293 0)
(0.05 0.2333277 0)
(0.05 0.2290064 0)
(0.05 0.2251172 0)
(0.05 0.2216169 0)
(0.05 0.2184666 0)
(0.05 0.2156313 0)
(0.05 0.2130796 0)
(0.05 0.2107831 0)
(0.05 0.2087162 0)
(0.05 0.206856 0)
(0.05 0.2051818 0)
(0.05 0.203675 0)
(0.05 0.2023189 0)
(0.05 0.2010984 0)
(0.95 0.3790114 -0.01)
(0.95 0.3601217 -0.01)
(0.95 0.3431209 -0.01)
(0.95 0.3278202 -0.01)
(0.95 0.3140496 -0.01)
(0.95 0.3016561 -0.01)
(0.95 0.2905019 -0.01)
(0.95 0.2804631 -0.01)
(0.95 0.2714282 -0.01)
(0.95 0.2632968 -0.01)
(0.95 0.2559785 -0.01)
(0.95 0.2493921 -0.01)
(0.95 0.2434643 -0.01)
(0.95 0.2381293 -0.01)
(0.95 0.2333278 -0.01)
(0.95 0.2290064 -0.01)
(0.95 0.2251172 -0.01)
(0.95 0.2216169 -0.01)
(0.95 0.2184666 -0.01)
(0.95 0.2156313 -0.01)
(0.95 0.2130796 -0.01)
(0.95 0.2107831 -0.01)
(0.95 0.2087162 -0.01)
(0.95 0.206856 -0.01)
(0.95 0.2051818 -0.01)
(0.95 0.203675 -0.01)
(0.95 0.2023189 -0.01)
(0.95 0.2010984 -0.01)
(0.9 0.3790114 -0.01)
(0.9 0.3601217 -0.01)
(0.9 0.3431209 -0.01)
(0.9 0.3278202 -0.01)
(0.9 0.3140496 -0.01)
(0.9 0.3016561 -0.01)
(0.9 0.2905019 -0.01)
(0.9 0.2804631 -0.01)
(0.9 0.2714282 -0.01)
(0.9 0.2632968 -0.01)
(0.9 0.2559785 -0.01)
(0.9 0.2493921 -0.01)
(0.9 0.2434643 -0.01)
(0.9 0.2381293 -0.01)
(0.9 0.2333278 -0.01)
(0.9 0.2290064 -0.01)
(0.9 0.2251172 -0.01)
(0.9 0.2216169 -0.01)
(0.9 0.2184666 -0.01)
(0.9 0.2156313 -0.01)
(0.9 0.2130796 -0.01)
(0.9 0.2107831 -0.01)
(0.9 0.2087162 -0.01)
(0.9 0.206856 -0.01)
(0.9 0.2051818 -0.01)
(0.9 0.203675 -0.01)
(0.9 0.2023189 -0.01)
(0.9 0.2010984 -0.01)
(0.85 0.3790114 -0.01)
(0.85 0.3601217 -0.01)
(0.85 0.3431209 -0.01)
(0.85 0.3278202 -0.01)
(0.85 0.3140496 -0.01)
(0.85 0.3016561 -0.01)
(0.85 0.2905019 -0.01)
(0.85 0.2804631 -0.01)
(0.85 0.2714282 -0.01)
(0.85 0.2632968 -0.01)
(0.85 0.2559785 -0.01)
(0.85 0.2493921 -0.01)
(0.85 0.2434643 -0.01)
(0.85 0.2381293 -0.01)
(0.85 0.2333278 -0.01)
(0.85 0.2290064 -0.01)
(0.85 0.2251172 -0.01)
(0.85 0.2216169 -0.01)
(0.85 0.2184666 -0.01)
(0.85 0.2156313 -0.01)
(0.85 0.2130796 -0.01)
(0.85 0.2107831 -0.01)
(0.85 0.2087162 -0.01)
(0.85 0.206856 -0.01)
(0.85 0.2051818 -0.01)
(0.85 0.203675 -0.01)
(0.85 0.2023189 -0.01)
(0.85 0.2010984 -0.01)
(0.8 0.3790114 -0.01)
(0.8 0.3601217 -0.01)
(0.8 0.3431209 -0.01)
(0.8 0.3278202 -0.01)
(0.8 0.3140496 -0.01)
(0.8 0.3016561 -0.01)
(0.8 0.2905019 -0.01)
(0.8 0.2804631 -0.01)
(0.8 0.2714282 -0.01)
(0.8 0.2632968 -0.01)
(0.8 0.2559785 -0.01)
(0.8 0.2493921 -0.01)
(0.8 0.2434643 -0.01)
(0.8 0.2381293 -0.01)
(0.8 0.2333278 -0.01)
(0.8 0.2290064 -0.01)
(0.8 0.2251172 -0.01)
(0.8 0.2216169 -0.01)
(0.8 0.2184666 -0.01)
(0.8 0.2156313 -0.01)
(0.8 0.2130796 -0.01)
(0.8 0.2107831 -0.01)
(0.8 0.2087162 -0.01)
(0.8 0.206856 -0.01)
(0.8 0.2051818 -0.01)
(0.8 0.203675 -0.01)
(0.8 0.2023189 -0.01)
(0.8 0.2010984 -0.01)
(0.75 0.3790114 -0.01)
(0.75 0.3601217 -0.01)
(0.75 0.3431209 -0.01)
(0.75 0.3278202 -0.01)
(0.75 0.3140496 -0.01)
(0.75 0.3016561 -0.01)
(0.75 0.2905019 -0.01)
(0.75 0.2804631 -0.01)
(0.75 0.2714282 -0.01)
(0.75 0.2632968 -0.01)
(0.75 0.2559785 -0.01)
(0.75 0.2493921 -0.01)
(0.75 0.2434643 -0.01)
(0.75 0.2381293 -0.01)
(0.75 0.2333278 -0.01)
(0.75 0.2290064 -0.01)
(0.75 0.2251172 -0.01)
(0.75 0.2216169 -0.01)
(0.75 0.2184666 -0.01)
(0.75 0.2156313 -0.01)
(0.75 0.2130796 -0.01)
(0.75 0.2107831 -0.01)
(0.75 0.2087162 -0.01)
(0.75 0.206856 -0.01)
(0.75 0.2051818 -0.01)
(0.75 0.203675 -0.01)
(0.75 0.2023189 -0.01)
(0.75 0.2010984 -0.01)
(0.7 0.3790114 -0.01)
(0.7 0.3601217 -0.01)
(0.7 0.3431209 -0.01)
(0.7 0.3278202 -0.01)
(0.7 0.3140496 -0.01)
(0.7 0.3016561 -0.01)
(0.7 0.2905019 -0.01)
(0.7 0.2804631 -0.01)
(0.7 0.2714282 -0.01)
(0.7 0.2632968 -0.01)
(0.7 0.2559785 -0.01)
(0.7 0.2493921 -0.01)
(0.7 0.2434643 -0.01)
(0.7 0.2381293 -0.01)
(0.7 0.2333278 -0.01)
(0.7 0.2290064 -0.01)
(0.7 0.2251172 -0.01)
(0.7 0.2216169 -0.01)
(0.7 0.2184666 -0.01)
(0.7 0.2156313 -0.01)
(0.7 0.2130796 -0.01)
(0.7 0.2107831 -0.01)
(0.7 0.2087162 -0.01)
(0.7 0.206856 -0.01)
(0.7 0.2051818 -0.01)
(0.7 0.203675 -0.01)
(0.7 0.2023189 -0.01)
(0.7 0.2010984 -0.01)
(0.65 0.3790114 -0.01)
(0.65 0.3601217 -0.01)
(0.65 0.3431209 -0.01)
(0.65 0.3278202 -0.01)
(0.65 0.3140496 -0.01)
(0.65 0.3016561 -0.01)
(0.65 0.2905019 -0.01)
(0.65 0.2804631 -0.01)
(0.65 0.2714282 -0.01)
(0.65 0.2632968 -0.01)
(0.65 0.2559785 -0.01)
(0.65 0.2493921 -0.01)
(0.65 0.2434643 -0.01)
(0.65 0.2381293 -0.01)
(0.65 0.2333278 -0.01)
(0.65 0.2290064 -0.01)
(0.65 0.2251172 -0.01)
(0.65 0.2216169 -0.01)
(0.65 0.2184666 -0.01)
(0.65 0.2156313 -0.01)
(0.65 0.2130796 -0.01)
(0.65 0.2107831 -0.01)
(0.65 0.2087162 -0.01)
(0.65 0.206856 -0.01)
(0.65 0.2051818 -0.01)
(0.65 0.203675 -0.01)
(0.65 0.2023189 -0.01)
(0.65 0.2010984 -0.01)
(0.6 0.3790114 -0.01)
(0.6 0.3601217 -0.01)
(0.6 0.3431209 -0.01)
(0.6 0.3278202 -0.01)
(0.6 0.3140496 -0.01)
(0.6 0.3016561 -0.01)
(0.6 0.2905019 -0.01)
(0.6 0.2804631 -0.01)
(0.6 0.2714282 -0.01)
(0.6 0.2632968 -0.01)
(0.6 0.2559785 -0.01)
(0.6 0.2493921 -0.01)
(0.6 0.2434643 -0.01)
(0.6 0.2381293 -0.01)
(0.6 0.2333278 -0.01)
(0.6 0.2290064 -0.01)
(0.6 0.2251172 -0.01)
(0.6 0.2216169 -0.01)
(0.6 0.2184666 -0.01)
(0.6 0.2156313 -0.01)
(0.6 0.2130796 -0.01)
(0.6 0.2107831 -0.01)
(0.6 0.2087162 -0.01)
(0.6 0.206856 -0.01)
(0.6 0.2051818 -0.01)
(0.6 0.203675 -0.01)
(0.6 0.2023189 -0.01)
(0.6 0.2010984 -0.01)
(0.55 0.3790114 -0.01)
(0.55 0.3601217 -0.01)
(0.55 0.3431209 -0.01)
(0.55 0.3278202 -0.01)
(0.55 0.3140496 -0.01)
(0.55 0.3016561 -0.01)
(0.55 0.2905019 -0.01)
(0.55 0.2804631 -0.01)
(0.55 0.2714282 -0.01)
(0.55 0.2632968 -0.01)
(0.55 0.2559785 -0.01)
(0.55 0.2493921 -0.01)
(0.55 0.2434643 -0.01)
(0.55 0.2381293 -0.01)
(0.55 0.2333278 -0.01)
(0.55 0.2290064 -0.01)
(0.55 0.2251172 -0.01)
(0.55 0.2216169 -0.01)
(0.55 0.2184666 -0.01)
(0.55 0.2156313 -0.01)
(0.55 0.2130796 -0.01)
(0.55 0.2107831 -0.01)
(0.55 0.2087162 -0.01)
(0.55 0.206856 -0.01)
(0.55 0.2051818 -0.01)
(0.55 0.203675 -0.01)
(0.55 0.2023189 -0.01)
(0.55 0.2010984 -0.01)
(0.5 0.3790114 -0.01)
(0.5 0.3601217 -0.01)
(0.5 0.3431209 -0.01)
(0.5 0.3278202 -0.01)
(0.5 0.3140496 -0.01)
(0.5 0.3016561 -0.01)
(0.5 0.2905019 -0.01)
(0.5 0.2804631 -0.01)
(0.5 0.2714282 -0.01)
(0.5 0.2632968 -0.01)
(0.5 0.2559785 -0.01)
(0.5 0.2493921 -0.01)
(0.5 0.2434643 -0.01)
(0.5 0.2381293 -0.01)
(0.5 0.2333278 -0.01)
(0.5 0.2290064 -0.01)
(0.5 0.2251172 -0.01)
(0.5 0.2216169 -0.01)
(0.5 0.2184666 -0.01)
(0.5 0.2156313 -0.01)
(0.5 0.2130796 -0.01)
(0.5 0.2107831 -0.01)
(0.5 0.2087162 -0.01)
(0.5 0.206856 -0.01)
(0.5 0.2051818 -0.01)
(0.5 0.203675 -0.01)
(0.5 0.2023189 -0.01)
(0.5 0.2010984 -0.01)
(0.45 0.3790114 -0.01)
(0.45 0.3601217 -0.01)
(0.45 0.3431209 -0.01)
(0.45 0.3278202 -0.01)
(0.45 0.3140496 -0.01)
(0.45 0.3016561 -0.01)
(0.45 0.2905019 -0.01)
(0.45 0.2804631 -0.01)
(0.45 0.2714282 -0.01)
(0.45 0.2632968 -0.01)
(0.45 0.2559785 -0.01)
(0.45 0.2493921 -0.01)
(0.45 0.2434643 -0.01)
(0.45 0.2381293 -0.01)
(0.45 0.2333278 -0.01)
(0.45 0.2290064 -0.01)
(0.45 0.2251172 -0.01)
(0.45 0.2216169 -0.01)
(0.45 0.2184666 -0.01)
(0.45 0.2156313 -0.01)
(0.45 0.2130796 -0.01)
(0.45 0.2107831 -0.01)
(0.45 0.2087162 -0.01)
(0.45 0.206856 -0.01)
(0.45 0.2051818 -0.01)
(0.45 0.203675 -0.01)
(0.45 0.2023189 -0.01)
(0.45 0.2010984 -0.01)
(0.4 0.3790114 -0.01)
(0.4 0.3601217 -0.01)
(0.4 0.3431209 -0.01)
(0.4 0.3278202 -0.01)
(0.4 0.3140496 -0.01)
(0.4 0.3016561 -0.01)
(0.4 0.2905019 -0.01)
(0.4 0.2804631 -0.01)
(0.4 0.2714282 -0.01)
(0.4 0.2632968 -0.01)
(0.4 0.2559785 -0.01)
(0.4 0.2493921 -0.01)
(0.4 0.2434643 -0.01)
(0.4 0.2381293 -0.01)
(0.4 0.2333278 -0.01)
(0.4 0.2290064 -0.01)
(0.4 0.2251172 -0.01)
(0.4 0.2216169 -0.01)
(0.4 0.2184666 -0.01)
(0.4 0.2156313 -0.01)
(0.4 0.2130796 -0.01)
(0.4 0.2107831 -0.01)
(0.4 0.2087162 -0.01)
(0.4 0.206856 -0.01)
(0.4 0.2051818 -0.01)
(0.4 0.203675 -0.01)
(0.4 0.2023189 -0.01)
(0.4 0.2010984 -0.01)
(0.35 0.3790114 -0.01)
(0.35 0.3601217 -0.01)
(0.35 0.3431209 -0.01)
(0.35 0.3278202 -0.01)
(0.35 0.3140496 -0.01)
(0.35 0.3016561 -0.01)
(0.35 0.2905019 -0.01)
(0.35 0.2804631 -0.01)
(0.35 0.2714282 -0.01)
(0.35 0.2632968 -0.01)
(0.35 0.2559785 -0.01)
(0.35 0.2493921 -0.01)
(0.35 0.2434643 -0.01)
(0.35 0.2381293 -0.01)
(0.35 0.2333278 -0.01)
(0.35 0.2290064 -0.01)
(0.35 0.2251172 -0.01)
(0.35 0.2216169 -0.01)
(0.35 0.2184666 -0.01)
(0.35 0.2156313 -0.01)
(0.35 0.2130796 -0.01)
(0.35 0.2107831 -0.01)
(0.35 0.2087162 -0.01)
(0.35 0.206856 -0.01)
(0.35 0.2051818 -0.01)
(0.35 0.203675 -0.01)
(0.35 0.2023189 -0.01)
(0.35 0.2010984 -0.01)
(0.3 0.3790114 -0.01)
(0.3 0.3601217 -0.01)
(0.3 0.3431209 -0.01)
(0.3 0.3278202 -0.01)
(0.3 0.3140496 -0.01)
(0.3 0.3016561 -0.01)
(0.3 0.2905019 -0.01)
(0.3 0.2804631 -0.01)
(0.3 0.2714282 -0.01)
(0.3 0.2632968 -0.01)
(0.3 0.2559785 -0.01)
(0.3 0.2493921 -0.01)
(0.3 0.2434643 -0.01)
(0.3 0.2381293 -0.01)
(0.3 0.2333278 -0.01)
(0.3 0.2290064 -0.01)
(0.3 0.2251172 -0.01)
(0.3 0.2216169 -0.01)
(0.3 0.2184666 -0.01)
(0.3 0.2156313 -0.01)
(0.3 0.2130796 -0.01)
(0.3 0.2107831 -0.01)
(0.3 0.2087162 -0.01)
(0.3 0.206856 -0.01)
(0.3 0.2051818 -0.01)
(0.3 0.203675 -0.01)
(0.3 0.2023189 -0.01)
(0.3 0.2010984 -0.01)
(0.25 0.3790114 -0.01)
(0.25 0.3601217 -0.01)
(0.25 0.3431209 -0.01)
(0.25 0.3278202 -0.01)
(0.25 0.3140496 -0.01)
(0.25 0.3016561 -0.01)
(0.25 0.2905019 -0.01)
(0.25 0.2804631 -0.01)
(0.25 0.2714282 -0.01)
(0.25 0.2632968 -0.01)
(0.25 0.2559785 -0.01)
(0.25 0.2493921 -0.01)
(0.25 0.2434643 -0.01)
(0.25 0.2381293 -0.01)
(0.25 0.2333278 -0.01)
(0.25 0.2290064 -0.01)
(0.25 0.2251172 -0.01)
(0.25 0.2216169 -0.01)
(0.25 0.2184666 -0.01)
(0.25 0.2156313 -0.01)
(0.25 0.2130796 -0.01)
(0.25 0.2107831 -0.01)
(0.25 0.2087162 -0.01)
(0.25 0.206856 -0.01)
(0.25 0.2051818 -0.01)
(0.25 0.203675 -0.01)
(0.25 0.2023189 -0.01)
(0.25 0.2010984 -0.01)
(0.2 0.3790114 -0.01)
(0.2 0.3601217 -0.01)
(0.2 0.3431209 -0.01)
(0.2 0.3278202 -0.01)
(0.2 0.3140496 -0.01)
(0.2 0.3016561 -0.01)
(0.2 0.2905019 -0.01)
(0.2 0.2804631 -0.01)
(0.2 0.2714282 -0.01)
(0.2 0.2632968 -0.01)
(0.2 0.2559785 -0.01)
(0.2 0.2493921 -0.01)
(0.2 0.2434643 -0.01)
(0.2 0.2381293 -0.01)
(0.2 0.2333278 -0.01)
(0.2 0.2290064 -0.01)
(0.2 0.2251172 -0.01)
(0.2 0.2216169 -0.01)
(0.2 0.2184666 -0.01)
(0.2 0.2156313 -0.01)
(0.2 0.2130796 -0.01)
(0.2 0.2107831 -0.01)
(0.2 0.2087162 -0.01)
(0.2 0.206856 -0.01)
(0.2 0.2051818 -0.01)
(0.2 0.203675 -0.01)
(0.2 0.2023189 -0.01)
(0.2 0.2010984 -0.01)
(0.15 0.3790114 -0.01)
(0.15 0.3601217 -0.01)
(0.15 0.3431209 -0.01)
(0.15 0.3278202 -0.01)
(0.15 0.3140496 -0.01)
(0.15 0.3016561 -0.01)
(0.15 0.2905019 -0.01)
(0.15 0.2804631 -0.01)
(0.15 0.2714282 -0.01)
(0.15 0.2632968 -0.01)
(0.15 0.2559785 -0.01)
(0.15 0.2493921 -0.01)
(0.15 0.2434643 -0.01)
(0.15 0.2381293 -0.01)
(0.15 0.2333278 -0.01)
(0.15 0.2290064 -0.01)
(0.15 0.2251172 -0.01)
(0.15 0.2216169 -0.01)
(0.15 0.2184666 -0.01)
(0.15 0.2156313 -0.01)
(0.15 0.2130796 -0.01)
(0.15 0.2107831 -0.01)
(0.15 0.2087162 -0.01)
(0.15 0.206856 -0.01)
(0.15 0.2051818 -0.01)
(0.15 0.203675 -0.01)
(0.15 0.2023189 -0.01)
(0.15 0.2010984 -0.01)
(0.1 0.3790114 -0.01)
(0.1 0.3601217 -0.01)
(0.1 0.3431209 -0.01)
(0.1 0.3278202 -0.01)
(0.1 0.3140496 -0.01)
(0.1 0.3016561 -0.01)
(0.1 0.2905019 -0.01)
(0.1 0.2804631 -0.01)
(0.1 0.2714282 -0.01)
(0.1 0.2632968 -0.01)
(0.1 0.2559785 -0.01)
(0.1 0.2493921 -0.01)
(0.1 0.2434643 -0.01)
(0.1 0.2381293 -0.01)
(0.1 0.2333278 -0.01)
(0.1 0.2290064 -0.01)
(0.1 0.2251172 -0.01)
(0.1 0.2216169 -0.01)
(0.1 0.2184666 -0.01)
(0.1 0.2156313 -0.01)
(0.1 0.2130796 -0.01)
(0.1 0.2107831 -0.01)
(0.1 0.2087162 -0.01)
(0.1 0.206856 -0.01)
(0.1 0.2051818 -0.01)
(0.1 0.203675 -0.01)
(0.1 0.2023189 -0.01)
(0.1 0.2010984 -0.01)
(0.05 0.3790114 -0.01)
(0.05 0.3601217 -0.01)
(0.05 0.3431209 -0.01)
(0.05 0.3278202 -0.01)
(0.05 0.3140496 -0.01)
(0.05 0.3016561 -0.01)
(0.05 0.2905019 -0.01)
(0.05 0.2804631 -0.01)
(0.05 0.2714282 -0.01)
(0.05 0.2632968 -0.01)
(0.05 0.2559785 -0.01)
(0.05 0.2493921 -0.01)
(0.05 0.2434643 -0.01)
(0.05 0.2381293 -0.01)
(0.05 0.2333277 -0.01)
(0.05 0.2290064 -0.01)
(0.05 0.2251172 -0.01)
(0.05 0.2216169 -0.01)
(0.05 0.2184666 -0.01)
(0.05 0.2156313 -0.01)
(0.05 0.2130796 -0.01)
(0.05 0.2107831 -0.01)
(0.05 0.2087162 -0.01)
(0.05 0.206856 -0.01)
(0.05 0.2051818 -0.01)
(0.05 0.203675 -0.01)
(0.05 0.2023189 -0.01)
(0.05 0.2010984 -0.01)
)


// ************************************************************************* //
